c CAS DETECTOR
c w/ Shielding in Place and Wheels	
c		
c CELL CARDS		
c		
c @@@@@@@@@@ Detectors @@@@@@@@@@@@@@@@@		
c		
101 8 -5.08 -21 imp:n,p 1 $LaBr Detector #1 Active Region"		
c		
c @@@@@@@@@ Shielding @@@@@@@@@@@@@@@@@		
c		
121 2 -4.78 -31 imp:n,p 1 $PE_Pb"		
122 4 -11.29 -32 imp:n,p 1 $Pb1"		
123 4 -11.29 -33 imp:n,p 1 $Pb2"		
124 4 -11.29 -34 imp:n,p 1 $Pb3"		
125 4 -11.29 -35 imp:n,p 1 $Pb4"		
126 4 -11.29 -36 imp:n,p 1 $Pb5"		
127 4 -11.29 -37 imp:n,p 1 $Pb6"		
128 3 -1.5 -38 imp:n,p 1 $BA1"		
129 3 -1.5 -39 imp:n,p 1 $BA2"		
130 6 -2.7 -40 imp:n,p 1 $Al"		
131 7 -7.92 301 -302 303 -304 imp:n,p 1 $Fe-tube"		
132 5 -7.8 -401 imp:n,p 1 $Fe"		
133 5 -7.8 -402 imp:n,p 1 $Fe"		
c @@@@@@@@@@ Wheels @@@@@@@@@@@@@@@@@		
c		
21 13 -0.92 -41 42 imp:n,p 1 $Wheel 1"		
211 13 -0.92 -421 422 imp:n,p 1 $Wheel 1"		
212 13 -0.92 -423 424 imp:n,p 1 $Wheel 1"		
22 13 -0.92 -43 44 imp:n,p 1 $Wheel 2"		
221 13 -0.92 -441 442 imp:n,p 1 $Wheel 2"		
222 13 -0.92 -443 444 imp:n,p 1 $Wheel 2"		
23 13 -0.92 -45 46 imp:n,p 1 $Wheel 3"		
231 13 -0.92 -461 462 imp:n,p 1 $Wheel 3"		
232 13 -0.92 -463 464 imp:n,p 1 $Wheel 3"		
24 13 -0.92 -47 48 imp:n,p 1 $Wheel 4"		
241 13 -0.92 -481 482 imp:n,p 1 $Wheel 4"		
242 13 -0.92 -483 484 imp:n,p 1 $Wheel 4"		
c		
c @@@@@@@@@@ SOIL VOLUME @@@@@@@@@@@		
c		
9000 40000 -2.4409199999999998 20010 -20011 20020 -20021 -20030 20031 imp:n,p 1
9001 40001 -2.4409199999999998 20010 -20011 20020 -20021 -20031 20032 imp:n,p 1
9002 40002 -2.4409199999999998 20010 -20011 20020 -20021 -20032 20033 imp:n,p 1
9003 40003 -2.4409199999999998 20010 -20011 20020 -20021 -20033 20034 imp:n,p 1
9004 40004 -2.4409199999999998 20010 -20011 20020 -20021 -20034 20035 imp:n,p 1
9005 40005 -2.4409199999999998 20010 -20011 20020 -20021 -20035 20036 imp:n,p 1
9006 40006 -2.4409199999999998 20010 -20011 20020 -20021 -20036 20037 imp:n,p 1
9007 40007 -2.4409199999999998 20011 -20012 20020 -20021 -20030 20031 imp:n,p 1
9008 40008 -2.4409199999999998 20011 -20012 20020 -20021 -20031 20032 imp:n,p 1
9009 40009 -2.4409199999999998 20011 -20012 20020 -20021 -20032 20033 imp:n,p 1
9010 40010 -2.4409199999999998 20011 -20012 20020 -20021 -20033 20034 imp:n,p 1
9011 40011 -2.4409199999999998 20011 -20012 20020 -20021 -20034 20035 imp:n,p 1
9012 40012 -2.4409199999999998 20011 -20012 20020 -20021 -20035 20036 imp:n,p 1
9013 40013 -2.4409199999999998 20011 -20012 20020 -20021 -20036 20037 imp:n,p 1
9014 40014 -2.4409199999999998 20012 -20013 20020 -20021 -20030 20031 imp:n,p 1
9015 40015 -2.4409199999999998 20012 -20013 20020 -20021 -20031 20032 imp:n,p 1
9016 40016 -2.4409199999999998 20012 -20013 20020 -20021 -20032 20033 imp:n,p 1
9017 40017 -2.4409199999999998 20012 -20013 20020 -20021 -20033 20034 imp:n,p 1
9018 40018 -2.4409199999999998 20012 -20013 20020 -20021 -20034 20035 imp:n,p 1
9019 40019 -2.4409199999999998 20012 -20013 20020 -20021 -20035 20036 imp:n,p 1
9020 40020 -2.4409199999999998 20012 -20013 20020 -20021 -20036 20037 imp:n,p 1
9021 40021 -2.4409199999999998 20013 -20014 20020 -20021 -20030 20031 imp:n,p 1
9022 40022 -2.4409199999999998 20013 -20014 20020 -20021 -20031 20032 imp:n,p 1
9023 40023 -2.4409199999999998 20013 -20014 20020 -20021 -20032 20033 imp:n,p 1
9024 40024 -2.4409199999999998 20013 -20014 20020 -20021 -20033 20034 imp:n,p 1
9025 40025 -2.4409199999999998 20013 -20014 20020 -20021 -20034 20035 imp:n,p 1
9026 40026 -2.4409199999999998 20013 -20014 20020 -20021 -20035 20036 imp:n,p 1
9027 40027 -2.4409199999999998 20013 -20014 20020 -20021 -20036 20037 imp:n,p 1
9028 40028 -2.4409199999999998 20014 -20015 20020 -20021 -20030 20031 imp:n,p 1
9029 40029 -2.4409199999999998 20014 -20015 20020 -20021 -20031 20032 imp:n,p 1
9030 40030 -2.4409199999999998 20014 -20015 20020 -20021 -20032 20033 imp:n,p 1
9031 40031 -2.4409199999999998 20014 -20015 20020 -20021 -20033 20034 imp:n,p 1
9032 40032 -2.4409199999999998 20014 -20015 20020 -20021 -20034 20035 imp:n,p 1
9033 40033 -2.4409199999999998 20014 -20015 20020 -20021 -20035 20036 imp:n,p 1
9034 40034 -2.4409199999999998 20014 -20015 20020 -20021 -20036 20037 imp:n,p 1
9035 40035 -2.4409199999999998 20015 -20016 20020 -20021 -20030 20031 imp:n,p 1
9036 40036 -2.4409199999999998 20015 -20016 20020 -20021 -20031 20032 imp:n,p 1
9037 40037 -2.4409199999999998 20015 -20016 20020 -20021 -20032 20033 imp:n,p 1
9038 40038 -2.4409199999999998 20015 -20016 20020 -20021 -20033 20034 imp:n,p 1
9039 40039 -2.4409199999999998 20015 -20016 20020 -20021 -20034 20035 imp:n,p 1
9040 40040 -2.4409199999999998 20015 -20016 20020 -20021 -20035 20036 imp:n,p 1
9041 40041 -2.4409199999999998 20015 -20016 20020 -20021 -20036 20037 imp:n,p 1
9042 40042 -2.4409199999999998 20016 -20017 20020 -20021 -20030 20031 imp:n,p 1
9043 40043 -2.4409199999999998 20016 -20017 20020 -20021 -20031 20032 imp:n,p 1
9044 40044 -2.4409199999999998 20016 -20017 20020 -20021 -20032 20033 imp:n,p 1
9045 40045 -2.4409199999999998 20016 -20017 20020 -20021 -20033 20034 imp:n,p 1
9046 40046 -2.4409199999999998 20016 -20017 20020 -20021 -20034 20035 imp:n,p 1
9047 40047 -2.4409199999999998 20016 -20017 20020 -20021 -20035 20036 imp:n,p 1
9048 40048 -2.4409199999999998 20016 -20017 20020 -20021 -20036 20037 imp:n,p 1
9049 40049 -2.4409199999999998 20010 -20011 20021 -20022 -20030 20031 imp:n,p 1
9050 40050 -2.4409199999999998 20010 -20011 20021 -20022 -20031 20032 imp:n,p 1
9051 40051 -2.4409199999999998 20010 -20011 20021 -20022 -20032 20033 imp:n,p 1
9052 40052 -2.4409199999999998 20010 -20011 20021 -20022 -20033 20034 imp:n,p 1
9053 40053 -2.4409199999999998 20010 -20011 20021 -20022 -20034 20035 imp:n,p 1
9054 40054 -2.4409199999999998 20010 -20011 20021 -20022 -20035 20036 imp:n,p 1
9055 40055 -2.4409199999999998 20010 -20011 20021 -20022 -20036 20037 imp:n,p 1
9056 40056 -2.4409199999999998 20011 -20012 20021 -20022 -20030 20031 imp:n,p 1
9057 40057 -2.4409199999999998 20011 -20012 20021 -20022 -20031 20032 imp:n,p 1
9058 40058 -2.4409199999999998 20011 -20012 20021 -20022 -20032 20033 imp:n,p 1
9059 40059 -2.4409199999999998 20011 -20012 20021 -20022 -20033 20034 imp:n,p 1
9060 40060 -2.4409199999999998 20011 -20012 20021 -20022 -20034 20035 imp:n,p 1
9061 40061 -2.4409199999999998 20011 -20012 20021 -20022 -20035 20036 imp:n,p 1
9062 40062 -2.4409199999999998 20011 -20012 20021 -20022 -20036 20037 imp:n,p 1
9063 40063 -2.4409199999999998 20012 -20013 20021 -20022 -20030 20031 imp:n,p 1
9064 40064 -2.4409199999999998 20012 -20013 20021 -20022 -20031 20032 imp:n,p 1
9065 40065 -2.4409199999999998 20012 -20013 20021 -20022 -20032 20033 imp:n,p 1
9066 40066 -2.4409199999999998 20012 -20013 20021 -20022 -20033 20034 imp:n,p 1
9067 40067 -2.4409199999999998 20012 -20013 20021 -20022 -20034 20035 imp:n,p 1
9068 40068 -2.4409199999999998 20012 -20013 20021 -20022 -20035 20036 imp:n,p 1
9069 40069 -2.4409199999999998 20012 -20013 20021 -20022 -20036 20037 imp:n,p 1
9070 40070 -2.4409199999999998 20013 -20014 20021 -20022 -20030 20031 imp:n,p 1
9071 40071 -2.4409199999999998 20013 -20014 20021 -20022 -20031 20032 imp:n,p 1
9072 40072 -2.4409199999999998 20013 -20014 20021 -20022 -20032 20033 imp:n,p 1
9073 40073 -2.4409199999999998 20013 -20014 20021 -20022 -20033 20034 imp:n,p 1
9074 40074 -2.4409199999999998 20013 -20014 20021 -20022 -20034 20035 imp:n,p 1
9075 40075 -2.4409199999999998 20013 -20014 20021 -20022 -20035 20036 imp:n,p 1
9076 40076 -2.4409199999999998 20013 -20014 20021 -20022 -20036 20037 imp:n,p 1
9077 40077 -2.4409199999999998 20014 -20015 20021 -20022 -20030 20031 imp:n,p 1
9078 40078 -2.4409199999999998 20014 -20015 20021 -20022 -20031 20032 imp:n,p 1
9079 40079 -2.4409199999999998 20014 -20015 20021 -20022 -20032 20033 imp:n,p 1
9080 40080 -2.4409199999999998 20014 -20015 20021 -20022 -20033 20034 imp:n,p 1
9081 40081 -2.4409199999999998 20014 -20015 20021 -20022 -20034 20035 imp:n,p 1
9082 40082 -2.4409199999999998 20014 -20015 20021 -20022 -20035 20036 imp:n,p 1
9083 40083 -2.4409199999999998 20014 -20015 20021 -20022 -20036 20037 imp:n,p 1
9084 40084 -2.4409199999999998 20015 -20016 20021 -20022 -20030 20031 imp:n,p 1
9085 40085 -2.4409199999999998 20015 -20016 20021 -20022 -20031 20032 imp:n,p 1
9086 40086 -2.4409199999999998 20015 -20016 20021 -20022 -20032 20033 imp:n,p 1
9087 40087 -2.4409199999999998 20015 -20016 20021 -20022 -20033 20034 imp:n,p 1
9088 40088 -2.4409199999999998 20015 -20016 20021 -20022 -20034 20035 imp:n,p 1
9089 40089 -2.4409199999999998 20015 -20016 20021 -20022 -20035 20036 imp:n,p 1
9090 40090 -2.4409199999999998 20015 -20016 20021 -20022 -20036 20037 imp:n,p 1
9091 40091 -2.4409199999999998 20016 -20017 20021 -20022 -20030 20031 imp:n,p 1
9092 40092 -2.4409199999999998 20016 -20017 20021 -20022 -20031 20032 imp:n,p 1
9093 40093 -2.4409199999999998 20016 -20017 20021 -20022 -20032 20033 imp:n,p 1
9094 40094 -2.4409199999999998 20016 -20017 20021 -20022 -20033 20034 imp:n,p 1
9095 40095 -2.4409199999999998 20016 -20017 20021 -20022 -20034 20035 imp:n,p 1
9096 40096 -2.4409199999999998 20016 -20017 20021 -20022 -20035 20036 imp:n,p 1
9097 40097 -2.4409199999999998 20016 -20017 20021 -20022 -20036 20037 imp:n,p 1
9098 40098 -2.4409199999999998 20010 -20011 20022 -20023 -20030 20031 imp:n,p 1
9099 40099 -2.4409199999999998 20010 -20011 20022 -20023 -20031 20032 imp:n,p 1
9100 40100 -2.4409199999999998 20010 -20011 20022 -20023 -20032 20033 imp:n,p 1
9101 40101 -2.4409199999999998 20010 -20011 20022 -20023 -20033 20034 imp:n,p 1
9102 40102 -2.4409199999999998 20010 -20011 20022 -20023 -20034 20035 imp:n,p 1
9103 40103 -2.4409199999999998 20010 -20011 20022 -20023 -20035 20036 imp:n,p 1
9104 40104 -2.4409199999999998 20010 -20011 20022 -20023 -20036 20037 imp:n,p 1
9105 40105 -2.4409199999999998 20011 -20012 20022 -20023 -20030 20031 imp:n,p 1
9106 40106 -2.4409199999999998 20011 -20012 20022 -20023 -20031 20032 imp:n,p 1
9107 40107 -2.4409199999999998 20011 -20012 20022 -20023 -20032 20033 imp:n,p 1
9108 40108 -2.4409199999999998 20011 -20012 20022 -20023 -20033 20034 imp:n,p 1
9109 40109 -2.4409199999999998 20011 -20012 20022 -20023 -20034 20035 imp:n,p 1
9110 40110 -2.4409199999999998 20011 -20012 20022 -20023 -20035 20036 imp:n,p 1
9111 40111 -2.4409199999999998 20011 -20012 20022 -20023 -20036 20037 imp:n,p 1
9112 40112 -2.4409199999999998 20012 -20013 20022 -20023 -20030 20031 imp:n,p 1
9113 40113 -2.4409199999999998 20012 -20013 20022 -20023 -20031 20032 imp:n,p 1
9114 40114 -2.4409199999999998 20012 -20013 20022 -20023 -20032 20033 imp:n,p 1
9115 40115 -2.4409199999999998 20012 -20013 20022 -20023 -20033 20034 imp:n,p 1
9116 40116 -2.4409199999999998 20012 -20013 20022 -20023 -20034 20035 imp:n,p 1
9117 40117 -2.4409199999999998 20012 -20013 20022 -20023 -20035 20036 imp:n,p 1
9118 40118 -2.4409199999999998 20012 -20013 20022 -20023 -20036 20037 imp:n,p 1
9119 40119 -2.4409199999999998 20013 -20014 20022 -20023 -20030 20031 imp:n,p 1
9120 40120 -2.4409199999999998 20013 -20014 20022 -20023 -20031 20032 imp:n,p 1
9121 40121 -2.4409199999999998 20013 -20014 20022 -20023 -20032 20033 imp:n,p 1
9122 40122 -2.4409199999999998 20013 -20014 20022 -20023 -20033 20034 imp:n,p 1
9123 40123 -2.4409199999999998 20013 -20014 20022 -20023 -20034 20035 imp:n,p 1
9124 40124 -2.4409199999999998 20013 -20014 20022 -20023 -20035 20036 imp:n,p 1
9125 40125 -2.4409199999999998 20013 -20014 20022 -20023 -20036 20037 imp:n,p 1
9126 40126 -2.4409199999999998 20014 -20015 20022 -20023 -20030 20031 imp:n,p 1
9127 40127 -2.4409199999999998 20014 -20015 20022 -20023 -20031 20032 imp:n,p 1
9128 40128 -2.4409199999999998 20014 -20015 20022 -20023 -20032 20033 imp:n,p 1
9129 40129 -2.4409199999999998 20014 -20015 20022 -20023 -20033 20034 imp:n,p 1
9130 40130 -2.4409199999999998 20014 -20015 20022 -20023 -20034 20035 imp:n,p 1
9131 40131 -2.4409199999999998 20014 -20015 20022 -20023 -20035 20036 imp:n,p 1
9132 40132 -2.4409199999999998 20014 -20015 20022 -20023 -20036 20037 imp:n,p 1
9133 40133 -2.4409199999999998 20015 -20016 20022 -20023 -20030 20031 imp:n,p 1
9134 40134 -2.4409199999999998 20015 -20016 20022 -20023 -20031 20032 imp:n,p 1
9135 40135 -2.4409199999999998 20015 -20016 20022 -20023 -20032 20033 imp:n,p 1
9136 40136 -2.4409199999999998 20015 -20016 20022 -20023 -20033 20034 imp:n,p 1
9137 40137 -2.4409199999999998 20015 -20016 20022 -20023 -20034 20035 imp:n,p 1
9138 40138 -2.4409199999999998 20015 -20016 20022 -20023 -20035 20036 imp:n,p 1
9139 40139 -2.4409199999999998 20015 -20016 20022 -20023 -20036 20037 imp:n,p 1
9140 40140 -2.4409199999999998 20016 -20017 20022 -20023 -20030 20031 imp:n,p 1
9141 40141 -2.4409199999999998 20016 -20017 20022 -20023 -20031 20032 imp:n,p 1
9142 40142 -2.4409199999999998 20016 -20017 20022 -20023 -20032 20033 imp:n,p 1
9143 40143 -2.4409199999999998 20016 -20017 20022 -20023 -20033 20034 imp:n,p 1
9144 40144 -2.4409199999999998 20016 -20017 20022 -20023 -20034 20035 imp:n,p 1
9145 40145 -2.4409199999999998 20016 -20017 20022 -20023 -20035 20036 imp:n,p 1
9146 40146 -2.4409199999999998 20016 -20017 20022 -20023 -20036 20037 imp:n,p 1
9147 40147 -2.4409199999999998 20010 -20011 20023 -20024 -20030 20031 imp:n,p 1
9148 40148 -2.4409199999999998 20010 -20011 20023 -20024 -20031 20032 imp:n,p 1
9149 40149 -2.4409199999999998 20010 -20011 20023 -20024 -20032 20033 imp:n,p 1
9150 40150 -2.4409199999999998 20010 -20011 20023 -20024 -20033 20034 imp:n,p 1
9151 40151 -2.4409199999999998 20010 -20011 20023 -20024 -20034 20035 imp:n,p 1
9152 40152 -2.4409199999999998 20010 -20011 20023 -20024 -20035 20036 imp:n,p 1
9153 40153 -2.4409199999999998 20010 -20011 20023 -20024 -20036 20037 imp:n,p 1
9154 40154 -2.4409199999999998 20011 -20012 20023 -20024 -20030 20031 imp:n,p 1
9155 40155 -2.4409199999999998 20011 -20012 20023 -20024 -20031 20032 imp:n,p 1
9156 40156 -2.4409199999999998 20011 -20012 20023 -20024 -20032 20033 imp:n,p 1
9157 40157 -2.4409199999999998 20011 -20012 20023 -20024 -20033 20034 imp:n,p 1
9158 40158 -2.4409199999999998 20011 -20012 20023 -20024 -20034 20035 imp:n,p 1
9159 40159 -2.4409199999999998 20011 -20012 20023 -20024 -20035 20036 imp:n,p 1
9160 40160 -2.4409199999999998 20011 -20012 20023 -20024 -20036 20037 imp:n,p 1
9161 40161 -2.4409199999999998 20012 -20013 20023 -20024 -20030 20031 imp:n,p 1
9162 40162 -2.4409199999999998 20012 -20013 20023 -20024 -20031 20032 imp:n,p 1
9163 40163 -2.4409199999999998 20012 -20013 20023 -20024 -20032 20033 imp:n,p 1
9164 40164 -2.4409199999999998 20012 -20013 20023 -20024 -20033 20034 imp:n,p 1
9165 40165 -2.4409199999999998 20012 -20013 20023 -20024 -20034 20035 imp:n,p 1
9166 40166 -2.4409199999999998 20012 -20013 20023 -20024 -20035 20036 imp:n,p 1
9167 40167 -2.4409199999999998 20012 -20013 20023 -20024 -20036 20037 imp:n,p 1
9168 40168 -2.4409199999999998 20013 -20014 20023 -20024 -20030 20031 imp:n,p 1
9169 40169 -2.4409199999999998 20013 -20014 20023 -20024 -20031 20032 imp:n,p 1
9170 40170 -2.4409199999999998 20013 -20014 20023 -20024 -20032 20033 imp:n,p 1
9171 40171 -2.4409199999999998 20013 -20014 20023 -20024 -20033 20034 imp:n,p 1
9172 40172 -2.4409199999999998 20013 -20014 20023 -20024 -20034 20035 imp:n,p 1
9173 40173 -2.4409199999999998 20013 -20014 20023 -20024 -20035 20036 imp:n,p 1
9174 40174 -2.4409199999999998 20013 -20014 20023 -20024 -20036 20037 imp:n,p 1
9175 40175 -2.4409199999999998 20014 -20015 20023 -20024 -20030 20031 imp:n,p 1
9176 40176 -2.4409199999999998 20014 -20015 20023 -20024 -20031 20032 imp:n,p 1
9177 40177 -2.4409199999999998 20014 -20015 20023 -20024 -20032 20033 imp:n,p 1
9178 40178 -2.4409199999999998 20014 -20015 20023 -20024 -20033 20034 imp:n,p 1
9179 40179 -2.4409199999999998 20014 -20015 20023 -20024 -20034 20035 imp:n,p 1
9180 40180 -2.4409199999999998 20014 -20015 20023 -20024 -20035 20036 imp:n,p 1
9181 40181 -2.4409199999999998 20014 -20015 20023 -20024 -20036 20037 imp:n,p 1
9182 40182 -2.4409199999999998 20015 -20016 20023 -20024 -20030 20031 imp:n,p 1
9183 40183 -2.4409199999999998 20015 -20016 20023 -20024 -20031 20032 imp:n,p 1
9184 40184 -2.4409199999999998 20015 -20016 20023 -20024 -20032 20033 imp:n,p 1
9185 40185 -2.4409199999999998 20015 -20016 20023 -20024 -20033 20034 imp:n,p 1
9186 40186 -2.4409199999999998 20015 -20016 20023 -20024 -20034 20035 imp:n,p 1
9187 40187 -2.4409199999999998 20015 -20016 20023 -20024 -20035 20036 imp:n,p 1
9188 40188 -2.4409199999999998 20015 -20016 20023 -20024 -20036 20037 imp:n,p 1
9189 40189 -2.4409199999999998 20016 -20017 20023 -20024 -20030 20031 imp:n,p 1
9190 40190 -2.4409199999999998 20016 -20017 20023 -20024 -20031 20032 imp:n,p 1
9191 40191 -2.4409199999999998 20016 -20017 20023 -20024 -20032 20033 imp:n,p 1
9192 40192 -2.4409199999999998 20016 -20017 20023 -20024 -20033 20034 imp:n,p 1
9193 40193 -2.4409199999999998 20016 -20017 20023 -20024 -20034 20035 imp:n,p 1
9194 40194 -2.4409199999999998 20016 -20017 20023 -20024 -20035 20036 imp:n,p 1
9195 40195 -2.4409199999999998 20016 -20017 20023 -20024 -20036 20037 imp:n,p 1
9196 40196 -2.4409199999999998 20010 -20011 20024 -20025 -20030 20031 imp:n,p 1
9197 40197 -2.4409199999999998 20010 -20011 20024 -20025 -20031 20032 imp:n,p 1
9198 40198 -2.4409199999999998 20010 -20011 20024 -20025 -20032 20033 imp:n,p 1
9199 40199 -2.4409199999999998 20010 -20011 20024 -20025 -20033 20034 imp:n,p 1
9200 40200 -2.4409199999999998 20010 -20011 20024 -20025 -20034 20035 imp:n,p 1
9201 40201 -2.4409199999999998 20010 -20011 20024 -20025 -20035 20036 imp:n,p 1
9202 40202 -2.4409199999999998 20010 -20011 20024 -20025 -20036 20037 imp:n,p 1
9203 40203 -2.4409199999999998 20011 -20012 20024 -20025 -20030 20031 imp:n,p 1
9204 40204 -2.4409199999999998 20011 -20012 20024 -20025 -20031 20032 imp:n,p 1
9205 40205 -2.4409199999999998 20011 -20012 20024 -20025 -20032 20033 imp:n,p 1
9206 40206 -2.4409199999999998 20011 -20012 20024 -20025 -20033 20034 imp:n,p 1
9207 40207 -2.4409199999999998 20011 -20012 20024 -20025 -20034 20035 imp:n,p 1
9208 40208 -2.4409199999999998 20011 -20012 20024 -20025 -20035 20036 imp:n,p 1
9209 40209 -2.4409199999999998 20011 -20012 20024 -20025 -20036 20037 imp:n,p 1
9210 40210 -2.4409199999999998 20012 -20013 20024 -20025 -20030 20031 imp:n,p 1
9211 40211 -2.4409199999999998 20012 -20013 20024 -20025 -20031 20032 imp:n,p 1
9212 40212 -2.4409199999999998 20012 -20013 20024 -20025 -20032 20033 imp:n,p 1
9213 40213 -2.4409199999999998 20012 -20013 20024 -20025 -20033 20034 imp:n,p 1
9214 40214 -2.4409199999999998 20012 -20013 20024 -20025 -20034 20035 imp:n,p 1
9215 40215 -2.4409199999999998 20012 -20013 20024 -20025 -20035 20036 imp:n,p 1
9216 40216 -2.4409199999999998 20012 -20013 20024 -20025 -20036 20037 imp:n,p 1
9217 40217 -2.4409199999999998 20013 -20014 20024 -20025 -20030 20031 imp:n,p 1
9218 40218 -2.4409199999999998 20013 -20014 20024 -20025 -20031 20032 imp:n,p 1
9219 40219 -2.4409199999999998 20013 -20014 20024 -20025 -20032 20033 imp:n,p 1
9220 40220 -2.4409199999999998 20013 -20014 20024 -20025 -20033 20034 imp:n,p 1
9221 40221 -2.4409199999999998 20013 -20014 20024 -20025 -20034 20035 imp:n,p 1
9222 40222 -2.4409199999999998 20013 -20014 20024 -20025 -20035 20036 imp:n,p 1
9223 40223 -2.4409199999999998 20013 -20014 20024 -20025 -20036 20037 imp:n,p 1
9224 40224 -2.4409199999999998 20014 -20015 20024 -20025 -20030 20031 imp:n,p 1
9225 40225 -2.4409199999999998 20014 -20015 20024 -20025 -20031 20032 imp:n,p 1
9226 40226 -2.4409199999999998 20014 -20015 20024 -20025 -20032 20033 imp:n,p 1
9227 40227 -2.4409199999999998 20014 -20015 20024 -20025 -20033 20034 imp:n,p 1
9228 40228 -2.4409199999999998 20014 -20015 20024 -20025 -20034 20035 imp:n,p 1
9229 40229 -2.4409199999999998 20014 -20015 20024 -20025 -20035 20036 imp:n,p 1
9230 40230 -2.4409199999999998 20014 -20015 20024 -20025 -20036 20037 imp:n,p 1
9231 40231 -2.4409199999999998 20015 -20016 20024 -20025 -20030 20031 imp:n,p 1
9232 40232 -2.4409199999999998 20015 -20016 20024 -20025 -20031 20032 imp:n,p 1
9233 40233 -2.4409199999999998 20015 -20016 20024 -20025 -20032 20033 imp:n,p 1
9234 40234 -2.4409199999999998 20015 -20016 20024 -20025 -20033 20034 imp:n,p 1
9235 40235 -2.4409199999999998 20015 -20016 20024 -20025 -20034 20035 imp:n,p 1
9236 40236 -2.4409199999999998 20015 -20016 20024 -20025 -20035 20036 imp:n,p 1
9237 40237 -2.4409199999999998 20015 -20016 20024 -20025 -20036 20037 imp:n,p 1
9238 40238 -2.4409199999999998 20016 -20017 20024 -20025 -20030 20031 imp:n,p 1
9239 40239 -2.4409199999999998 20016 -20017 20024 -20025 -20031 20032 imp:n,p 1
9240 40240 -2.4409199999999998 20016 -20017 20024 -20025 -20032 20033 imp:n,p 1
9241 40241 -2.4409199999999998 20016 -20017 20024 -20025 -20033 20034 imp:n,p 1
9242 40242 -2.4409199999999998 20016 -20017 20024 -20025 -20034 20035 imp:n,p 1
9243 40243 -2.4409199999999998 20016 -20017 20024 -20025 -20035 20036 imp:n,p 1
9244 40244 -2.4409199999999998 20016 -20017 20024 -20025 -20036 20037 imp:n,p 1
9245 40245 -2.4409199999999998 20010 -20011 20025 -20026 -20030 20031 imp:n,p 1
9246 40246 -2.4409199999999998 20010 -20011 20025 -20026 -20031 20032 imp:n,p 1
9247 40247 -2.4409199999999998 20010 -20011 20025 -20026 -20032 20033 imp:n,p 1
9248 40248 -2.4409199999999998 20010 -20011 20025 -20026 -20033 20034 imp:n,p 1
9249 40249 -2.4409199999999998 20010 -20011 20025 -20026 -20034 20035 imp:n,p 1
9250 40250 -2.4409199999999998 20010 -20011 20025 -20026 -20035 20036 imp:n,p 1
9251 40251 -2.4409199999999998 20010 -20011 20025 -20026 -20036 20037 imp:n,p 1
9252 40252 -2.4409199999999998 20011 -20012 20025 -20026 -20030 20031 imp:n,p 1
9253 40253 -2.4409199999999998 20011 -20012 20025 -20026 -20031 20032 imp:n,p 1
9254 40254 -2.4409199999999998 20011 -20012 20025 -20026 -20032 20033 imp:n,p 1
9255 40255 -2.4409199999999998 20011 -20012 20025 -20026 -20033 20034 imp:n,p 1
9256 40256 -2.4409199999999998 20011 -20012 20025 -20026 -20034 20035 imp:n,p 1
9257 40257 -2.4409199999999998 20011 -20012 20025 -20026 -20035 20036 imp:n,p 1
9258 40258 -2.4409199999999998 20011 -20012 20025 -20026 -20036 20037 imp:n,p 1
9259 40259 -2.4409199999999998 20012 -20013 20025 -20026 -20030 20031 imp:n,p 1
9260 40260 -2.4409199999999998 20012 -20013 20025 -20026 -20031 20032 imp:n,p 1
9261 40261 -2.4409199999999998 20012 -20013 20025 -20026 -20032 20033 imp:n,p 1
9262 40262 -2.4409199999999998 20012 -20013 20025 -20026 -20033 20034 imp:n,p 1
9263 40263 -2.4409199999999998 20012 -20013 20025 -20026 -20034 20035 imp:n,p 1
9264 40264 -2.4409199999999998 20012 -20013 20025 -20026 -20035 20036 imp:n,p 1
9265 40265 -2.4409199999999998 20012 -20013 20025 -20026 -20036 20037 imp:n,p 1
9266 40266 -2.4409199999999998 20013 -20014 20025 -20026 -20030 20031 imp:n,p 1
9267 40267 -2.4409199999999998 20013 -20014 20025 -20026 -20031 20032 imp:n,p 1
9268 40268 -2.4409199999999998 20013 -20014 20025 -20026 -20032 20033 imp:n,p 1
9269 40269 -2.4409199999999998 20013 -20014 20025 -20026 -20033 20034 imp:n,p 1
9270 40270 -2.4409199999999998 20013 -20014 20025 -20026 -20034 20035 imp:n,p 1
9271 40271 -2.4409199999999998 20013 -20014 20025 -20026 -20035 20036 imp:n,p 1
9272 40272 -2.4409199999999998 20013 -20014 20025 -20026 -20036 20037 imp:n,p 1
9273 40273 -2.4409199999999998 20014 -20015 20025 -20026 -20030 20031 imp:n,p 1
9274 40274 -2.4409199999999998 20014 -20015 20025 -20026 -20031 20032 imp:n,p 1
9275 40275 -2.4409199999999998 20014 -20015 20025 -20026 -20032 20033 imp:n,p 1
9276 40276 -2.4409199999999998 20014 -20015 20025 -20026 -20033 20034 imp:n,p 1
9277 40277 -2.4409199999999998 20014 -20015 20025 -20026 -20034 20035 imp:n,p 1
9278 40278 -2.4409199999999998 20014 -20015 20025 -20026 -20035 20036 imp:n,p 1
9279 40279 -2.4409199999999998 20014 -20015 20025 -20026 -20036 20037 imp:n,p 1
9280 40280 -2.4409199999999998 20015 -20016 20025 -20026 -20030 20031 imp:n,p 1
9281 40281 -2.4409199999999998 20015 -20016 20025 -20026 -20031 20032 imp:n,p 1
9282 40282 -2.4409199999999998 20015 -20016 20025 -20026 -20032 20033 imp:n,p 1
9283 40283 -2.4409199999999998 20015 -20016 20025 -20026 -20033 20034 imp:n,p 1
9284 40284 -2.4409199999999998 20015 -20016 20025 -20026 -20034 20035 imp:n,p 1
9285 40285 -2.4409199999999998 20015 -20016 20025 -20026 -20035 20036 imp:n,p 1
9286 40286 -2.4409199999999998 20015 -20016 20025 -20026 -20036 20037 imp:n,p 1
9287 40287 -2.4409199999999998 20016 -20017 20025 -20026 -20030 20031 imp:n,p 1
9288 40288 -2.4409199999999998 20016 -20017 20025 -20026 -20031 20032 imp:n,p 1
9289 40289 -2.4409199999999998 20016 -20017 20025 -20026 -20032 20033 imp:n,p 1
9290 40290 -2.4409199999999998 20016 -20017 20025 -20026 -20033 20034 imp:n,p 1
9291 40291 -2.4409199999999998 20016 -20017 20025 -20026 -20034 20035 imp:n,p 1
9292 40292 -2.4409199999999998 20016 -20017 20025 -20026 -20035 20036 imp:n,p 1
9293 40293 -2.4409199999999998 20016 -20017 20025 -20026 -20036 20037 imp:n,p 1
9294 40294 -2.4409199999999998 20010 -20011 20026 -20027 -20030 20031 imp:n,p 1
9295 40295 -2.4409199999999998 20010 -20011 20026 -20027 -20031 20032 imp:n,p 1
9296 40296 -2.4409199999999998 20010 -20011 20026 -20027 -20032 20033 imp:n,p 1
9297 40297 -2.4409199999999998 20010 -20011 20026 -20027 -20033 20034 imp:n,p 1
9298 40298 -2.4409199999999998 20010 -20011 20026 -20027 -20034 20035 imp:n,p 1
9299 40299 -2.4409199999999998 20010 -20011 20026 -20027 -20035 20036 imp:n,p 1
9300 40300 -2.4409199999999998 20010 -20011 20026 -20027 -20036 20037 imp:n,p 1
9301 40301 -2.4409199999999998 20011 -20012 20026 -20027 -20030 20031 imp:n,p 1
9302 40302 -2.4409199999999998 20011 -20012 20026 -20027 -20031 20032 imp:n,p 1
9303 40303 -2.4409199999999998 20011 -20012 20026 -20027 -20032 20033 imp:n,p 1
9304 40304 -2.4409199999999998 20011 -20012 20026 -20027 -20033 20034 imp:n,p 1
9305 40305 -2.4409199999999998 20011 -20012 20026 -20027 -20034 20035 imp:n,p 1
9306 40306 -2.4409199999999998 20011 -20012 20026 -20027 -20035 20036 imp:n,p 1
9307 40307 -2.4409199999999998 20011 -20012 20026 -20027 -20036 20037 imp:n,p 1
9308 40308 -2.4409199999999998 20012 -20013 20026 -20027 -20030 20031 imp:n,p 1
9309 40309 -2.4409199999999998 20012 -20013 20026 -20027 -20031 20032 imp:n,p 1
9310 40310 -2.4409199999999998 20012 -20013 20026 -20027 -20032 20033 imp:n,p 1
9311 40311 -2.4409199999999998 20012 -20013 20026 -20027 -20033 20034 imp:n,p 1
9312 40312 -2.4409199999999998 20012 -20013 20026 -20027 -20034 20035 imp:n,p 1
9313 40313 -2.4409199999999998 20012 -20013 20026 -20027 -20035 20036 imp:n,p 1
9314 40314 -2.4409199999999998 20012 -20013 20026 -20027 -20036 20037 imp:n,p 1
9315 40315 -2.4409199999999998 20013 -20014 20026 -20027 -20030 20031 imp:n,p 1
9316 40316 -2.4409199999999998 20013 -20014 20026 -20027 -20031 20032 imp:n,p 1
9317 40317 -2.4409199999999998 20013 -20014 20026 -20027 -20032 20033 imp:n,p 1
9318 40318 -2.4409199999999998 20013 -20014 20026 -20027 -20033 20034 imp:n,p 1
9319 40319 -2.4409199999999998 20013 -20014 20026 -20027 -20034 20035 imp:n,p 1
9320 40320 -2.4409199999999998 20013 -20014 20026 -20027 -20035 20036 imp:n,p 1
9321 40321 -2.4409199999999998 20013 -20014 20026 -20027 -20036 20037 imp:n,p 1
9322 40322 -2.4409199999999998 20014 -20015 20026 -20027 -20030 20031 imp:n,p 1
9323 40323 -2.4409199999999998 20014 -20015 20026 -20027 -20031 20032 imp:n,p 1
9324 40324 -2.4409199999999998 20014 -20015 20026 -20027 -20032 20033 imp:n,p 1
9325 40325 -2.4409199999999998 20014 -20015 20026 -20027 -20033 20034 imp:n,p 1
9326 40326 -2.4409199999999998 20014 -20015 20026 -20027 -20034 20035 imp:n,p 1
9327 40327 -2.4409199999999998 20014 -20015 20026 -20027 -20035 20036 imp:n,p 1
9328 40328 -2.4409199999999998 20014 -20015 20026 -20027 -20036 20037 imp:n,p 1
9329 40329 -2.4409199999999998 20015 -20016 20026 -20027 -20030 20031 imp:n,p 1
9330 40330 -2.4409199999999998 20015 -20016 20026 -20027 -20031 20032 imp:n,p 1
9331 40331 -2.4409199999999998 20015 -20016 20026 -20027 -20032 20033 imp:n,p 1
9332 40332 -2.4409199999999998 20015 -20016 20026 -20027 -20033 20034 imp:n,p 1
9333 40333 -2.4409199999999998 20015 -20016 20026 -20027 -20034 20035 imp:n,p 1
9334 40334 -2.4409199999999998 20015 -20016 20026 -20027 -20035 20036 imp:n,p 1
9335 40335 -2.4409199999999998 20015 -20016 20026 -20027 -20036 20037 imp:n,p 1
9336 40336 -2.4409199999999998 20016 -20017 20026 -20027 -20030 20031 imp:n,p 1
9337 40337 -2.4409199999999998 20016 -20017 20026 -20027 -20031 20032 imp:n,p 1
9338 40338 -2.4409199999999998 20016 -20017 20026 -20027 -20032 20033 imp:n,p 1
9339 40339 -2.4409199999999998 20016 -20017 20026 -20027 -20033 20034 imp:n,p 1
9340 40340 -2.4409199999999998 20016 -20017 20026 -20027 -20034 20035 imp:n,p 1
9341 40341 -2.4409199999999998 20016 -20017 20026 -20027 -20035 20036 imp:n,p 1
9342 40342 -2.4409199999999998 20016 -20017 20026 -20027 -20036 20037 imp:n,p 1
c
30 12 -0.00129 -200 #101 #121 #122 #123 #124 #125 #126 #127 #128 #129 #130 #131 #132 #133
        #21 #211 #212 #22 #221 #222 #23 #231 #232 #24 #241 #242 #(20010 -20017 20020 -20027 -20030 20037) imp:n,p 1 $Rest of the World
31 0 200 imp:n,p 0 $Outside world

c SURFACE CARDS
c
c Sample Volume
20010 px -56.0
20011 px -40.0
20012 px -24.0
20013 px -8.0
20014 px 8.0
20015 px 24.0
20016 px 40.0
20017 px 56.0
20020 py -45.0
20021 py -32.14285714285714
20022 py -19.285714285714285
20023 py -6.428571428571431
20024 py 6.428571428571431
20025 py 19.285714285714292
20026 py 32.14285714285714
20027 py 45.0
20030 pz 92.0
20031 pz 84.85714285714286
20032 pz 77.71428571428572
20033 pz 70.57142857142857
20034 pz 63.42857142857143
20035 pz 56.285714285714285
20036 pz 49.14285714285714
20037 pz 42.0
c Active Detector Region
21 rcc 56  -5.0 -1.0   0.0 20.3 0.0   4.5 $Detector 1 Base center, Hx,Hy,Hz, radius
c Shielding Surfaces
c Shielding Pb
31 rpp 19 29 -7.5 7.5 -11 9 $PbPE xmin xmax ymin ymax zmin zmax
32 rpp 9 19 4 9 -11 9 $Pb xmin xmax ymin ymax zmin zmax
33 rpp 9 19 -9 -4 -11 9 $Pb xmin xmax ymin ymax zmin zmax
34 rpp 19 29 7.5 12.5 -11 9 $Pb xmin xmax ymin ymax zmin zmax
35 rpp 19 29 -12.5 -7.5 -11 9 $Pb xmin xmax ymin ymax zmin zmax
36 rpp 29 34 -15 15 -11 9 $Pb xmin xmax ymin ymax zmin zmax
37 rpp 9 19 -4 4 4 9 $Pb xmin xmax ymin ymax zmin zmax
38 rpp -26 26 18 28 -11 9 $BA1 xmin xmax ymin ymax zmin zmax
39 rpp -26 26 -28 -18 -11 9 $BA2 xmin xmax ymin ymax zmin zmax
40 rpp -65 65 -28 28 10 10.5 $Al xmin xmax ymin ymax zmin zmax
401 rpp -27 27 29 34 -11 9 $Fe xmin xmax ymin ymax zmin zmax
402 rpp -27 27 -34 -29 -11 9 $Fe xmin xmax ymin ymax zmin zmax
301 px -20
302 px 18
303 cx 3.71
304 cx 3.81
c Wheels Surfaces
c 23/10.5-12 turf tires, 22.6 lb rubber
c diameter 29cm, tread width 25cm, and sidewall height 13.76 cm
c set thickness of all sides 1.3 cm (s.t. weight is 22.6 lb)
41 rcc -2 77 8   0.0 25 0.0 29 $wheel 1 outer tread surface
42 rcc -2 77 8   0.0 25 0.0 27.7 $wheel 1 inner tread surface
421 rcc -2 75.7 8   0.0 1.3 0.0 29 $wheel 1 outside sidewall exterior
422 rcc -2 75.7 8   0.0 1.3 0.0 15.24 $wheel 1 outside sidewall interior
423 rcc -2 102 8   0.0 1.3 0.0 29 $wheel 1 inside sidewall exterior
424 rcc -2 102 8   0.0 1.3 0.0 15.24 $wheel 1 inside sidewall interior
43 rcc 68 77 8   0.0 25 0.0 29 $wheel 2
44 rcc 68 77 8   0.0 25 0.0 27.7
441 rcc 68 75.7 8   0.0 1.3 0.0 29
442 rcc 68 75.7 8   0.0 1.3 0.0 15.24
443 rcc 68 102 8   0.0 1.3 0.0 29
444 rcc 68 102 8   0.0 1.3 0.0 15.24
45 rcc -2 -77 8   0.0 -25 0.0 29 $wheel 3
46 rcc -2 -77 8   0.0 -25 0.0 27.7
461 rcc -2 -75.7 8   0.0 -1.3 0.0 29
462 rcc -2 -75.7 8   0.0 -1.3 0.0 15.24
463 rcc -2 -102 8   0.0 -1.3 0.0 29
464 rcc -2 -102 8   0.0 -1.3 0.0 15.24
47 rcc 68 -77 8   0.0 -25 0.0 29 $wheel 4
48 rcc 68 -77 8   0.0 -25 0.0 27.7
481 rcc 68 -75.7 8   0.0 -1.3 0.0 29
482 rcc 68 -75.7 8   0.0 -1.3 0.0 15.24
483 rcc 68 -102 8   0.0 -1.3 0.0 29
484 rcc 68 -102 8   0.0 -1.3 0.0 15.24
200 so 800    $sphere of 800cm centered at origin
c

c DATA CARDS
mode n p
c dump every hr
prdmp -60 -60 -1
c 100 keV Neutron Energy Cutoff
Cut:n 1j 0.1
c analog neutron transport
phys:n 1j 14
phys:p
sdef pos=0 0 0 erg=14.0 vec= 0 0 1 dir=d1
si1  -1 .93 1
sp1   0  0.0  1.0
c ********************
c begin material cards
c ********************
c material sample:
c ****************************************
m40000 14028 -0.1923548815804803 13027 -0.07259817250996815 1001 -0.0010586378018318055 8016 -0.2921283081077201 
	6000 -0.053999999999999986 
m40001 14028 -0.1923548815804803 13027 -0.07259817250996815 1001 -0.0010586378018318055 8016 -0.2921283081077201 
	6000 -0.053999999999999986 
m40002 14028 -0.1923548815804803 13027 -0.07259817250996815 1001 -0.0010586378018318055 8016 -0.2921283081077201 
	6000 -0.053999999999999986 
m40003 14028 -0.1923548815804803 13027 -0.07259817250996815 1001 -0.0010586378018318055 8016 -0.2921283081077201 
	6000 -0.053999999999999986 
m40004 14028 -0.1923548815804803 13027 -0.07259817250996815 1001 -0.0010586378018318055 8016 -0.2921283081077201 
	6000 -0.053999999999999986 
m40005 14028 -0.1923548815804803 13027 -0.07259817250996815 1001 -0.0010586378018318055 8016 -0.2921283081077201 
	6000 -0.053999999999999986 
m40006 14028 -0.1923548815804803 13027 -0.07259817250996815 1001 -0.0010586378018318055 8016 -0.2921283081077201 
	6000 -0.053999999999999986 
m40007 14028 -0.1923548815804803 13027 -0.07259817250996815 1001 -0.0010586378018318055 8016 -0.2921283081077201 
	6000 -0.053999999999999986 
m40008 14028 -0.1923548815804803 13027 -0.07259817250996815 1001 -0.0010586378018318055 8016 -0.2921283081077201 
	6000 -0.053999999999999986 
m40009 14028 -0.1923548815804803 13027 -0.07259817250996815 1001 -0.0010586378018318055 8016 -0.2921283081077201 
	6000 -0.053999999999999986 
m40010 14028 -0.1923548815804803 13027 -0.07259817250996815 1001 -0.0010586378018318055 8016 -0.2921283081077201 
	6000 -0.053999999999999986 
m40011 14028 -0.1923548815804803 13027 -0.07259817250996815 1001 -0.0010586378018318055 8016 -0.2921283081077201 
	6000 -0.053999999999999986 
m40012 14028 -0.1923548815804803 13027 -0.07259817250996815 1001 -0.0010586378018318055 8016 -0.2921283081077201 
	6000 -0.053999999999999986 
m40013 14028 -0.1923548815804803 13027 -0.07259817250996815 1001 -0.0010586378018318055 8016 -0.2921283081077201 
	6000 -0.053999999999999986 
m40014 14028 -0.1923548815804803 13027 -0.07259817250996815 1001 -0.0010586378018318055 8016 -0.2921283081077201 
	6000 -0.053999999999999986 
m40015 14028 -0.1923548815804803 13027 -0.07259817250996815 1001 -0.0010586378018318055 8016 -0.2921283081077201 
	6000 -0.053999999999999986 
m40016 14028 -0.1923548815804803 13027 -0.07259817250996815 1001 -0.0010586378018318055 8016 -0.2921283081077201 
	6000 -0.053999999999999986 
m40017 14028 -0.1923548815804803 13027 -0.07259817250996815 1001 -0.0010586378018318055 8016 -0.2921283081077201 
	6000 -0.053999999999999986 
m40018 14028 -0.1923548815804803 13027 -0.07259817250996815 1001 -0.0010586378018318055 8016 -0.2921283081077201 
	6000 -0.053999999999999986 
m40019 14028 -0.1923548815804803 13027 -0.07259817250996815 1001 -0.0010586378018318055 8016 -0.2921283081077201 
	6000 -0.053999999999999986 
m40020 14028 -0.1923548815804803 13027 -0.07259817250996815 1001 -0.0010586378018318055 8016 -0.2921283081077201 
	6000 -0.053999999999999986 
m40021 14028 -0.1923548815804803 13027 -0.07259817250996815 1001 -0.0010586378018318055 8016 -0.2921283081077201 
	6000 -0.053999999999999986 
m40022 14028 -0.1923548815804803 13027 -0.07259817250996815 1001 -0.0010586378018318055 8016 -0.2921283081077201 
	6000 -0.053999999999999986 
m40023 14028 -0.1923548815804803 13027 -0.07259817250996815 1001 -0.0010586378018318055 8016 -0.2921283081077201 
	6000 -0.053999999999999986 
m40024 14028 -0.1923548815804803 13027 -0.07259817250996815 1001 -0.0010586378018318055 8016 -0.2921283081077201 
	6000 -0.053999999999999986 
m40025 14028 -0.1923548815804803 13027 -0.07259817250996815 1001 -0.0010586378018318055 8016 -0.2921283081077201 
	6000 -0.053999999999999986 
m40026 14028 -0.1923548815804803 13027 -0.07259817250996815 1001 -0.0010586378018318055 8016 -0.2921283081077201 
	6000 -0.053999999999999986 
m40027 14028 -0.1923548815804803 13027 -0.07259817250996815 1001 -0.0010586378018318055 8016 -0.2921283081077201 
	6000 -0.053999999999999986 
m40028 14028 -0.1923548815804803 13027 -0.07259817250996815 1001 -0.0010586378018318055 8016 -0.2921283081077201 
	6000 -0.053999999999999986 
m40029 14028 -0.1923548815804803 13027 -0.07259817250996815 1001 -0.0010586378018318055 8016 -0.2921283081077201 
	6000 -0.053999999999999986 
m40030 14028 -0.1923548815804803 13027 -0.07259817250996815 1001 -0.0010586378018318055 8016 -0.2921283081077201 
	6000 -0.053999999999999986 
m40031 14028 -0.1923548815804803 13027 -0.07259817250996815 1001 -0.0010586378018318055 8016 -0.2921283081077201 
	6000 -0.053999999999999986 
m40032 14028 -0.1923548815804803 13027 -0.07259817250996815 1001 -0.0010586378018318055 8016 -0.2921283081077201 
	6000 -0.053999999999999986 
m40033 14028 -0.1923548815804803 13027 -0.07259817250996815 1001 -0.0010586378018318055 8016 -0.2921283081077201 
	6000 -0.053999999999999986 
m40034 14028 -0.1923548815804803 13027 -0.07259817250996815 1001 -0.0010586378018318055 8016 -0.2921283081077201 
	6000 -0.053999999999999986 
m40035 14028 -0.1923548815804803 13027 -0.07259817250996815 1001 -0.0010586378018318055 8016 -0.2921283081077201 
	6000 -0.053999999999999986 
m40036 14028 -0.1923548815804803 13027 -0.07259817250996815 1001 -0.0010586378018318055 8016 -0.2921283081077201 
	6000 -0.053999999999999986 
m40037 14028 -0.1923548815804803 13027 -0.07259817250996815 1001 -0.0010586378018318055 8016 -0.2921283081077201 
	6000 -0.053999999999999986 
m40038 14028 -0.1923548815804803 13027 -0.07259817250996815 1001 -0.0010586378018318055 8016 -0.2921283081077201 
	6000 -0.053999999999999986 
m40039 14028 -0.1923548815804803 13027 -0.07259817250996815 1001 -0.0010586378018318055 8016 -0.2921283081077201 
	6000 -0.053999999999999986 
m40040 14028 -0.1923548815804803 13027 -0.07259817250996815 1001 -0.0010586378018318055 8016 -0.2921283081077201 
	6000 -0.053999999999999986 
m40041 14028 -0.1923548815804803 13027 -0.07259817250996815 1001 -0.0010586378018318055 8016 -0.2921283081077201 
	6000 -0.053999999999999986 
m40042 14028 -0.1923548815804803 13027 -0.07259817250996815 1001 -0.0010586378018318055 8016 -0.2921283081077201 
	6000 -0.053999999999999986 
m40043 14028 -0.1923548815804803 13027 -0.07259817250996815 1001 -0.0010586378018318055 8016 -0.2921283081077201 
	6000 -0.053999999999999986 
m40044 14028 -0.1923548815804803 13027 -0.07259817250996815 1001 -0.0010586378018318055 8016 -0.2921283081077201 
	6000 -0.053999999999999986 
m40045 14028 -0.1923548815804803 13027 -0.07259817250996815 1001 -0.0010586378018318055 8016 -0.2921283081077201 
	6000 -0.053999999999999986 
m40046 14028 -0.1923548815804803 13027 -0.07259817250996815 1001 -0.0010586378018318055 8016 -0.2921283081077201 
	6000 -0.053999999999999986 
m40047 14028 -0.1923548815804803 13027 -0.07259817250996815 1001 -0.0010586378018318055 8016 -0.2921283081077201 
	6000 -0.053999999999999986 
m40048 14028 -0.1923548815804803 13027 -0.07259817250996815 1001 -0.0010586378018318055 8016 -0.2921283081077201 
	6000 -0.053999999999999986 
m40049 14028 -0.1923548815804803 13027 -0.07259817250996815 1001 -0.0010586378018318055 8016 -0.2921283081077201 
	6000 -0.053999999999999986 
m40050 14028 -0.1923548815804803 13027 -0.07259817250996815 1001 -0.0010586378018318055 8016 -0.2921283081077201 
	6000 -0.053999999999999986 
m40051 14028 -0.1923548815804803 13027 -0.07259817250996815 1001 -0.0010586378018318055 8016 -0.2921283081077201 
	6000 -0.053999999999999986 
m40052 14028 -0.1923548815804803 13027 -0.07259817250996815 1001 -0.0010586378018318055 8016 -0.2921283081077201 
	6000 -0.053999999999999986 
m40053 14028 -0.1923548815804803 13027 -0.07259817250996815 1001 -0.0010586378018318055 8016 -0.2921283081077201 
	6000 -0.053999999999999986 
m40054 14028 -0.1923548815804803 13027 -0.07259817250996815 1001 -0.0010586378018318055 8016 -0.2921283081077201 
	6000 -0.053999999999999986 
m40055 14028 -0.1923548815804803 13027 -0.07259817250996815 1001 -0.0010586378018318055 8016 -0.2921283081077201 
	6000 -0.053999999999999986 
m40056 14028 -0.1923548815804803 13027 -0.07259817250996815 1001 -0.0010586378018318055 8016 -0.2921283081077201 
	6000 -0.053999999999999986 
m40057 14028 -0.1923548815804803 13027 -0.07259817250996815 1001 -0.0010586378018318055 8016 -0.2921283081077201 
	6000 -0.053999999999999986 
m40058 14028 -0.1923548815804803 13027 -0.07259817250996815 1001 -0.0010586378018318055 8016 -0.2921283081077201 
	6000 -0.053999999999999986 
m40059 14028 -0.1923548815804803 13027 -0.07259817250996815 1001 -0.0010586378018318055 8016 -0.2921283081077201 
	6000 -0.053999999999999986 
m40060 14028 -0.1923548815804803 13027 -0.07259817250996815 1001 -0.0010586378018318055 8016 -0.2921283081077201 
	6000 -0.053999999999999986 
m40061 14028 -0.1923548815804803 13027 -0.07259817250996815 1001 -0.0010586378018318055 8016 -0.2921283081077201 
	6000 -0.053999999999999986 
m40062 14028 -0.1923548815804803 13027 -0.07259817250996815 1001 -0.0010586378018318055 8016 -0.2921283081077201 
	6000 -0.053999999999999986 
m40063 14028 -0.1923548815804803 13027 -0.07259817250996815 1001 -0.0010586378018318055 8016 -0.2921283081077201 
	6000 -0.053999999999999986 
m40064 14028 -0.1923548815804803 13027 -0.07259817250996815 1001 -0.0010586378018318055 8016 -0.2921283081077201 
	6000 -0.053999999999999986 
m40065 14028 -0.1923548815804803 13027 -0.07259817250996815 1001 -0.0010586378018318055 8016 -0.2921283081077201 
	6000 -0.053999999999999986 
m40066 14028 -0.1923548815804803 13027 -0.07259817250996815 1001 -0.0010586378018318055 8016 -0.2921283081077201 
	6000 -0.053999999999999986 
m40067 14028 -0.1923548815804803 13027 -0.07259817250996815 1001 -0.0010586378018318055 8016 -0.2921283081077201 
	6000 -0.053999999999999986 
m40068 14028 -0.1923548815804803 13027 -0.07259817250996815 1001 -0.0010586378018318055 8016 -0.2921283081077201 
	6000 -0.053999999999999986 
m40069 14028 -0.1923548815804803 13027 -0.07259817250996815 1001 -0.0010586378018318055 8016 -0.2921283081077201 
	6000 -0.053999999999999986 
m40070 14028 -0.1923548815804803 13027 -0.07259817250996815 1001 -0.0010586378018318055 8016 -0.2921283081077201 
	6000 -0.053999999999999986 
m40071 14028 -0.1923548815804803 13027 -0.07259817250996815 1001 -0.0010586378018318055 8016 -0.2921283081077201 
	6000 -0.053999999999999986 
m40072 14028 -0.1923548815804803 13027 -0.07259817250996815 1001 -0.0010586378018318055 8016 -0.2921283081077201 
	6000 -0.053999999999999986 
m40073 14028 -0.1923548815804803 13027 -0.07259817250996815 1001 -0.0010586378018318055 8016 -0.2921283081077201 
	6000 -0.053999999999999986 
m40074 14028 -0.1923548815804803 13027 -0.07259817250996815 1001 -0.0010586378018318055 8016 -0.2921283081077201 
	6000 -0.053999999999999986 
m40075 14028 -0.1923548815804803 13027 -0.07259817250996815 1001 -0.0010586378018318055 8016 -0.2921283081077201 
	6000 -0.053999999999999986 
m40076 14028 -0.1923548815804803 13027 -0.07259817250996815 1001 -0.0010586378018318055 8016 -0.2921283081077201 
	6000 -0.053999999999999986 
m40077 14028 -0.1923548815804803 13027 -0.07259817250996815 1001 -0.0010586378018318055 8016 -0.2921283081077201 
	6000 -0.053999999999999986 
m40078 14028 -0.1923548815804803 13027 -0.07259817250996815 1001 -0.0010586378018318055 8016 -0.2921283081077201 
	6000 -0.053999999999999986 
m40079 14028 -0.1923548815804803 13027 -0.07259817250996815 1001 -0.0010586378018318055 8016 -0.2921283081077201 
	6000 -0.053999999999999986 
m40080 14028 -0.1923548815804803 13027 -0.07259817250996815 1001 -0.0010586378018318055 8016 -0.2921283081077201 
	6000 -0.053999999999999986 
m40081 14028 -0.1923548815804803 13027 -0.07259817250996815 1001 -0.0010586378018318055 8016 -0.2921283081077201 
	6000 -0.053999999999999986 
m40082 14028 -0.1923548815804803 13027 -0.07259817250996815 1001 -0.0010586378018318055 8016 -0.2921283081077201 
	6000 -0.053999999999999986 
m40083 14028 -0.1923548815804803 13027 -0.07259817250996815 1001 -0.0010586378018318055 8016 -0.2921283081077201 
	6000 -0.053999999999999986 
m40084 14028 -0.1923548815804803 13027 -0.07259817250996815 1001 -0.0010586378018318055 8016 -0.2921283081077201 
	6000 -0.053999999999999986 
m40085 14028 -0.1923548815804803 13027 -0.07259817250996815 1001 -0.0010586378018318055 8016 -0.2921283081077201 
	6000 -0.053999999999999986 
m40086 14028 -0.1923548815804803 13027 -0.07259817250996815 1001 -0.0010586378018318055 8016 -0.2921283081077201 
	6000 -0.053999999999999986 
m40087 14028 -0.1923548815804803 13027 -0.07259817250996815 1001 -0.0010586378018318055 8016 -0.2921283081077201 
	6000 -0.053999999999999986 
m40088 14028 -0.1923548815804803 13027 -0.07259817250996815 1001 -0.0010586378018318055 8016 -0.2921283081077201 
	6000 -0.053999999999999986 
m40089 14028 -0.1923548815804803 13027 -0.07259817250996815 1001 -0.0010586378018318055 8016 -0.2921283081077201 
	6000 -0.053999999999999986 
m40090 14028 -0.1923548815804803 13027 -0.07259817250996815 1001 -0.0010586378018318055 8016 -0.2921283081077201 
	6000 -0.053999999999999986 
m40091 14028 -0.1923548815804803 13027 -0.07259817250996815 1001 -0.0010586378018318055 8016 -0.2921283081077201 
	6000 -0.053999999999999986 
m40092 14028 -0.1923548815804803 13027 -0.07259817250996815 1001 -0.0010586378018318055 8016 -0.2921283081077201 
	6000 -0.053999999999999986 
m40093 14028 -0.1923548815804803 13027 -0.07259817250996815 1001 -0.0010586378018318055 8016 -0.2921283081077201 
	6000 -0.053999999999999986 
m40094 14028 -0.1923548815804803 13027 -0.07259817250996815 1001 -0.0010586378018318055 8016 -0.2921283081077201 
	6000 -0.053999999999999986 
m40095 14028 -0.1923548815804803 13027 -0.07259817250996815 1001 -0.0010586378018318055 8016 -0.2921283081077201 
	6000 -0.053999999999999986 
m40096 14028 -0.1923548815804803 13027 -0.07259817250996815 1001 -0.0010586378018318055 8016 -0.2921283081077201 
	6000 -0.053999999999999986 
m40097 14028 -0.1923548815804803 13027 -0.07259817250996815 1001 -0.0010586378018318055 8016 -0.2921283081077201 
	6000 -0.053999999999999986 
m40098 14028 -0.1923548815804803 13027 -0.07259817250996815 1001 -0.0010586378018318055 8016 -0.2921283081077201 
	6000 -0.053999999999999986 
m40099 14028 -0.1923548815804803 13027 -0.07259817250996815 1001 -0.0010586378018318055 8016 -0.2921283081077201 
	6000 -0.053999999999999986 
m40100 14028 -0.1923548815804803 13027 -0.07259817250996815 1001 -0.0010586378018318055 8016 -0.2921283081077201 
	6000 -0.053999999999999986 
m40101 14028 -0.1923548815804803 13027 -0.07259817250996815 1001 -0.0010586378018318055 8016 -0.2921283081077201 
	6000 -0.053999999999999986 
m40102 14028 -0.1923548815804803 13027 -0.07259817250996815 1001 -0.0010586378018318055 8016 -0.2921283081077201 
	6000 -0.053999999999999986 
m40103 14028 -0.1923548815804803 13027 -0.07259817250996815 1001 -0.0010586378018318055 8016 -0.2921283081077201 
	6000 -0.053999999999999986 
m40104 14028 -0.1923548815804803 13027 -0.07259817250996815 1001 -0.0010586378018318055 8016 -0.2921283081077201 
	6000 -0.053999999999999986 
m40105 14028 -0.1923548815804803 13027 -0.07259817250996815 1001 -0.0010586378018318055 8016 -0.2921283081077201 
	6000 -0.053999999999999986 
m40106 14028 -0.1923548815804803 13027 -0.07259817250996815 1001 -0.0010586378018318055 8016 -0.2921283081077201 
	6000 -0.053999999999999986 
m40107 14028 -0.1923548815804803 13027 -0.07259817250996815 1001 -0.0010586378018318055 8016 -0.2921283081077201 
	6000 -0.053999999999999986 
m40108 14028 -0.1923548815804803 13027 -0.07259817250996815 1001 -0.0010586378018318055 8016 -0.2921283081077201 
	6000 -0.053999999999999986 
m40109 14028 -0.1923548815804803 13027 -0.07259817250996815 1001 -0.0010586378018318055 8016 -0.2921283081077201 
	6000 -0.053999999999999986 
m40110 14028 -0.1923548815804803 13027 -0.07259817250996815 1001 -0.0010586378018318055 8016 -0.2921283081077201 
	6000 -0.053999999999999986 
m40111 14028 -0.1923548815804803 13027 -0.07259817250996815 1001 -0.0010586378018318055 8016 -0.2921283081077201 
	6000 -0.053999999999999986 
m40112 14028 -0.1923548815804803 13027 -0.07259817250996815 1001 -0.0010586378018318055 8016 -0.2921283081077201 
	6000 -0.053999999999999986 
m40113 14028 -0.1923548815804803 13027 -0.07259817250996815 1001 -0.0010586378018318055 8016 -0.2921283081077201 
	6000 -0.053999999999999986 
m40114 14028 -0.1923548815804803 13027 -0.07259817250996815 1001 -0.0010586378018318055 8016 -0.2921283081077201 
	6000 -0.053999999999999986 
m40115 14028 -0.1923548815804803 13027 -0.07259817250996815 1001 -0.0010586378018318055 8016 -0.2921283081077201 
	6000 -0.053999999999999986 
m40116 14028 -0.1923548815804803 13027 -0.07259817250996815 1001 -0.0010586378018318055 8016 -0.2921283081077201 
	6000 -0.053999999999999986 
m40117 14028 -0.1923548815804803 13027 -0.07259817250996815 1001 -0.0010586378018318055 8016 -0.2921283081077201 
	6000 -0.053999999999999986 
m40118 14028 -0.1923548815804803 13027 -0.07259817250996815 1001 -0.0010586378018318055 8016 -0.2921283081077201 
	6000 -0.053999999999999986 
m40119 14028 -0.1923548815804803 13027 -0.07259817250996815 1001 -0.0010586378018318055 8016 -0.2921283081077201 
	6000 -0.053999999999999986 
m40120 14028 -0.1923548815804803 13027 -0.07259817250996815 1001 -0.0010586378018318055 8016 -0.2921283081077201 
	6000 -0.053999999999999986 
m40121 14028 -0.1923548815804803 13027 -0.07259817250996815 1001 -0.0010586378018318055 8016 -0.2921283081077201 
	6000 -0.053999999999999986 
m40122 14028 -0.1923548815804803 13027 -0.07259817250996815 1001 -0.0010586378018318055 8016 -0.2921283081077201 
	6000 -0.053999999999999986 
m40123 14028 -0.1923548815804803 13027 -0.07259817250996815 1001 -0.0010586378018318055 8016 -0.2921283081077201 
	6000 -0.053999999999999986 
m40124 14028 -0.1923548815804803 13027 -0.07259817250996815 1001 -0.0010586378018318055 8016 -0.2921283081077201 
	6000 -0.053999999999999986 
m40125 14028 -0.1923548815804803 13027 -0.07259817250996815 1001 -0.0010586378018318055 8016 -0.2921283081077201 
	6000 -0.053999999999999986 
m40126 14028 -0.1923548815804803 13027 -0.07259817250996815 1001 -0.0010586378018318055 8016 -0.2921283081077201 
	6000 -0.053999999999999986 
m40127 14028 -0.1923548815804803 13027 -0.07259817250996815 1001 -0.0010586378018318055 8016 -0.2921283081077201 
	6000 -0.053999999999999986 
m40128 14028 -0.1923548815804803 13027 -0.07259817250996815 1001 -0.0010586378018318055 8016 -0.2921283081077201 
	6000 -0.053999999999999986 
m40129 14028 -0.1923548815804803 13027 -0.07259817250996815 1001 -0.0010586378018318055 8016 -0.2921283081077201 
	6000 -0.053999999999999986 
m40130 14028 -0.1923548815804803 13027 -0.07259817250996815 1001 -0.0010586378018318055 8016 -0.2921283081077201 
	6000 -0.053999999999999986 
m40131 14028 -0.1923548815804803 13027 -0.07259817250996815 1001 -0.0010586378018318055 8016 -0.2921283081077201 
	6000 -0.053999999999999986 
m40132 14028 -0.1923548815804803 13027 -0.07259817250996815 1001 -0.0010586378018318055 8016 -0.2921283081077201 
	6000 -0.053999999999999986 
m40133 14028 -0.1923548815804803 13027 -0.07259817250996815 1001 -0.0010586378018318055 8016 -0.2921283081077201 
	6000 -0.053999999999999986 
m40134 14028 -0.1923548815804803 13027 -0.07259817250996815 1001 -0.0010586378018318055 8016 -0.2921283081077201 
	6000 -0.053999999999999986 
m40135 14028 -0.1923548815804803 13027 -0.07259817250996815 1001 -0.0010586378018318055 8016 -0.2921283081077201 
	6000 -0.053999999999999986 
m40136 14028 -0.1923548815804803 13027 -0.07259817250996815 1001 -0.0010586378018318055 8016 -0.2921283081077201 
	6000 -0.053999999999999986 
m40137 14028 -0.1923548815804803 13027 -0.07259817250996815 1001 -0.0010586378018318055 8016 -0.2921283081077201 
	6000 -0.053999999999999986 
m40138 14028 -0.1923548815804803 13027 -0.07259817250996815 1001 -0.0010586378018318055 8016 -0.2921283081077201 
	6000 -0.053999999999999986 
m40139 14028 -0.1923548815804803 13027 -0.07259817250996815 1001 -0.0010586378018318055 8016 -0.2921283081077201 
	6000 -0.053999999999999986 
m40140 14028 -0.1923548815804803 13027 -0.07259817250996815 1001 -0.0010586378018318055 8016 -0.2921283081077201 
	6000 -0.053999999999999986 
m40141 14028 -0.1923548815804803 13027 -0.07259817250996815 1001 -0.0010586378018318055 8016 -0.2921283081077201 
	6000 -0.053999999999999986 
m40142 14028 -0.1923548815804803 13027 -0.07259817250996815 1001 -0.0010586378018318055 8016 -0.2921283081077201 
	6000 -0.053999999999999986 
m40143 14028 -0.1923548815804803 13027 -0.07259817250996815 1001 -0.0010586378018318055 8016 -0.2921283081077201 
	6000 -0.053999999999999986 
m40144 14028 -0.1923548815804803 13027 -0.07259817250996815 1001 -0.0010586378018318055 8016 -0.2921283081077201 
	6000 -0.053999999999999986 
m40145 14028 -0.1923548815804803 13027 -0.07259817250996815 1001 -0.0010586378018318055 8016 -0.2921283081077201 
	6000 -0.053999999999999986 
m40146 14028 -0.1923548815804803 13027 -0.07259817250996815 1001 -0.0010586378018318055 8016 -0.2921283081077201 
	6000 -0.053999999999999986 
m40147 14028 -0.1923548815804803 13027 -0.07259817250996815 1001 -0.0010586378018318055 8016 -0.2921283081077201 
	6000 -0.053999999999999986 
m40148 14028 -0.1923548815804803 13027 -0.07259817250996815 1001 -0.0010586378018318055 8016 -0.2921283081077201 
	6000 -0.053999999999999986 
m40149 14028 -0.1923548815804803 13027 -0.07259817250996815 1001 -0.0010586378018318055 8016 -0.2921283081077201 
	6000 -0.053999999999999986 
m40150 14028 -0.1923548815804803 13027 -0.07259817250996815 1001 -0.0010586378018318055 8016 -0.2921283081077201 
	6000 -0.053999999999999986 
m40151 14028 -0.1923548815804803 13027 -0.07259817250996815 1001 -0.0010586378018318055 8016 -0.2921283081077201 
	6000 -0.053999999999999986 
m40152 14028 -0.1923548815804803 13027 -0.07259817250996815 1001 -0.0010586378018318055 8016 -0.2921283081077201 
	6000 -0.053999999999999986 
m40153 14028 -0.1923548815804803 13027 -0.07259817250996815 1001 -0.0010586378018318055 8016 -0.2921283081077201 
	6000 -0.053999999999999986 
m40154 14028 -0.1923548815804803 13027 -0.07259817250996815 1001 -0.0010586378018318055 8016 -0.2921283081077201 
	6000 -0.053999999999999986 
m40155 14028 -0.1923548815804803 13027 -0.07259817250996815 1001 -0.0010586378018318055 8016 -0.2921283081077201 
	6000 -0.053999999999999986 
m40156 14028 -0.1923548815804803 13027 -0.07259817250996815 1001 -0.0010586378018318055 8016 -0.2921283081077201 
	6000 -0.053999999999999986 
m40157 14028 -0.1923548815804803 13027 -0.07259817250996815 1001 -0.0010586378018318055 8016 -0.2921283081077201 
	6000 -0.053999999999999986 
m40158 14028 -0.1923548815804803 13027 -0.07259817250996815 1001 -0.0010586378018318055 8016 -0.2921283081077201 
	6000 -0.053999999999999986 
m40159 14028 -0.1923548815804803 13027 -0.07259817250996815 1001 -0.0010586378018318055 8016 -0.2921283081077201 
	6000 -0.053999999999999986 
m40160 14028 -0.1923548815804803 13027 -0.07259817250996815 1001 -0.0010586378018318055 8016 -0.2921283081077201 
	6000 -0.053999999999999986 
m40161 14028 -0.1923548815804803 13027 -0.07259817250996815 1001 -0.0010586378018318055 8016 -0.2921283081077201 
	6000 -0.053999999999999986 
m40162 14028 -0.1923548815804803 13027 -0.07259817250996815 1001 -0.0010586378018318055 8016 -0.2921283081077201 
	6000 -0.053999999999999986 
m40163 14028 -0.1923548815804803 13027 -0.07259817250996815 1001 -0.0010586378018318055 8016 -0.2921283081077201 
	6000 -0.053999999999999986 
m40164 14028 -0.1923548815804803 13027 -0.07259817250996815 1001 -0.0010586378018318055 8016 -0.2921283081077201 
	6000 -0.053999999999999986 
m40165 14028 -0.1923548815804803 13027 -0.07259817250996815 1001 -0.0010586378018318055 8016 -0.2921283081077201 
	6000 -0.053999999999999986 
m40166 14028 -0.1923548815804803 13027 -0.07259817250996815 1001 -0.0010586378018318055 8016 -0.2921283081077201 
	6000 -0.053999999999999986 
m40167 14028 -0.1923548815804803 13027 -0.07259817250996815 1001 -0.0010586378018318055 8016 -0.2921283081077201 
	6000 -0.053999999999999986 
m40168 14028 -0.1923548815804803 13027 -0.07259817250996815 1001 -0.0010586378018318055 8016 -0.2921283081077201 
	6000 -0.053999999999999986 
m40169 14028 -0.1923548815804803 13027 -0.07259817250996815 1001 -0.0010586378018318055 8016 -0.2921283081077201 
	6000 -0.053999999999999986 
m40170 14028 -0.1923548815804803 13027 -0.07259817250996815 1001 -0.0010586378018318055 8016 -0.2921283081077201 
	6000 -0.053999999999999986 
m40171 14028 -0.1923548815804803 13027 -0.07259817250996815 1001 -0.0010586378018318055 8016 -0.2921283081077201 
	6000 -0.053999999999999986 
m40172 14028 -0.1923548815804803 13027 -0.07259817250996815 1001 -0.0010586378018318055 8016 -0.2921283081077201 
	6000 -0.053999999999999986 
m40173 14028 -0.1923548815804803 13027 -0.07259817250996815 1001 -0.0010586378018318055 8016 -0.2921283081077201 
	6000 -0.053999999999999986 
m40174 14028 -0.1923548815804803 13027 -0.07259817250996815 1001 -0.0010586378018318055 8016 -0.2921283081077201 
	6000 -0.053999999999999986 
m40175 14028 -0.1923548815804803 13027 -0.07259817250996815 1001 -0.0010586378018318055 8016 -0.2921283081077201 
	6000 -0.053999999999999986 
m40176 14028 -0.1923548815804803 13027 -0.07259817250996815 1001 -0.0010586378018318055 8016 -0.2921283081077201 
	6000 -0.053999999999999986 
m40177 14028 -0.1923548815804803 13027 -0.07259817250996815 1001 -0.0010586378018318055 8016 -0.2921283081077201 
	6000 -0.053999999999999986 
m40178 14028 -0.1923548815804803 13027 -0.07259817250996815 1001 -0.0010586378018318055 8016 -0.2921283081077201 
	6000 -0.053999999999999986 
m40179 14028 -0.1923548815804803 13027 -0.07259817250996815 1001 -0.0010586378018318055 8016 -0.2921283081077201 
	6000 -0.053999999999999986 
m40180 14028 -0.1923548815804803 13027 -0.07259817250996815 1001 -0.0010586378018318055 8016 -0.2921283081077201 
	6000 -0.053999999999999986 
m40181 14028 -0.1923548815804803 13027 -0.07259817250996815 1001 -0.0010586378018318055 8016 -0.2921283081077201 
	6000 -0.053999999999999986 
m40182 14028 -0.1923548815804803 13027 -0.07259817250996815 1001 -0.0010586378018318055 8016 -0.2921283081077201 
	6000 -0.053999999999999986 
m40183 14028 -0.1923548815804803 13027 -0.07259817250996815 1001 -0.0010586378018318055 8016 -0.2921283081077201 
	6000 -0.053999999999999986 
m40184 14028 -0.1923548815804803 13027 -0.07259817250996815 1001 -0.0010586378018318055 8016 -0.2921283081077201 
	6000 -0.053999999999999986 
m40185 14028 -0.1923548815804803 13027 -0.07259817250996815 1001 -0.0010586378018318055 8016 -0.2921283081077201 
	6000 -0.053999999999999986 
m40186 14028 -0.1923548815804803 13027 -0.07259817250996815 1001 -0.0010586378018318055 8016 -0.2921283081077201 
	6000 -0.053999999999999986 
m40187 14028 -0.1923548815804803 13027 -0.07259817250996815 1001 -0.0010586378018318055 8016 -0.2921283081077201 
	6000 -0.053999999999999986 
m40188 14028 -0.1923548815804803 13027 -0.07259817250996815 1001 -0.0010586378018318055 8016 -0.2921283081077201 
	6000 -0.053999999999999986 
m40189 14028 -0.1923548815804803 13027 -0.07259817250996815 1001 -0.0010586378018318055 8016 -0.2921283081077201 
	6000 -0.053999999999999986 
m40190 14028 -0.1923548815804803 13027 -0.07259817250996815 1001 -0.0010586378018318055 8016 -0.2921283081077201 
	6000 -0.053999999999999986 
m40191 14028 -0.1923548815804803 13027 -0.07259817250996815 1001 -0.0010586378018318055 8016 -0.2921283081077201 
	6000 -0.053999999999999986 
m40192 14028 -0.1923548815804803 13027 -0.07259817250996815 1001 -0.0010586378018318055 8016 -0.2921283081077201 
	6000 -0.053999999999999986 
m40193 14028 -0.1923548815804803 13027 -0.07259817250996815 1001 -0.0010586378018318055 8016 -0.2921283081077201 
	6000 -0.053999999999999986 
m40194 14028 -0.1923548815804803 13027 -0.07259817250996815 1001 -0.0010586378018318055 8016 -0.2921283081077201 
	6000 -0.053999999999999986 
m40195 14028 -0.1923548815804803 13027 -0.07259817250996815 1001 -0.0010586378018318055 8016 -0.2921283081077201 
	6000 -0.053999999999999986 
m40196 14028 -0.1923548815804803 13027 -0.07259817250996815 1001 -0.0010586378018318055 8016 -0.2921283081077201 
	6000 -0.053999999999999986 
m40197 14028 -0.1923548815804803 13027 -0.07259817250996815 1001 -0.0010586378018318055 8016 -0.2921283081077201 
	6000 -0.053999999999999986 
m40198 14028 -0.1923548815804803 13027 -0.07259817250996815 1001 -0.0010586378018318055 8016 -0.2921283081077201 
	6000 -0.053999999999999986 
m40199 14028 -0.1923548815804803 13027 -0.07259817250996815 1001 -0.0010586378018318055 8016 -0.2921283081077201 
	6000 -0.053999999999999986 
m40200 14028 -0.1923548815804803 13027 -0.07259817250996815 1001 -0.0010586378018318055 8016 -0.2921283081077201 
	6000 -0.053999999999999986 
m40201 14028 -0.1923548815804803 13027 -0.07259817250996815 1001 -0.0010586378018318055 8016 -0.2921283081077201 
	6000 -0.053999999999999986 
m40202 14028 -0.1923548815804803 13027 -0.07259817250996815 1001 -0.0010586378018318055 8016 -0.2921283081077201 
	6000 -0.053999999999999986 
m40203 14028 -0.1923548815804803 13027 -0.07259817250996815 1001 -0.0010586378018318055 8016 -0.2921283081077201 
	6000 -0.053999999999999986 
m40204 14028 -0.1923548815804803 13027 -0.07259817250996815 1001 -0.0010586378018318055 8016 -0.2921283081077201 
	6000 -0.053999999999999986 
m40205 14028 -0.1923548815804803 13027 -0.07259817250996815 1001 -0.0010586378018318055 8016 -0.2921283081077201 
	6000 -0.053999999999999986 
m40206 14028 -0.1923548815804803 13027 -0.07259817250996815 1001 -0.0010586378018318055 8016 -0.2921283081077201 
	6000 -0.053999999999999986 
m40207 14028 -0.1923548815804803 13027 -0.07259817250996815 1001 -0.0010586378018318055 8016 -0.2921283081077201 
	6000 -0.053999999999999986 
m40208 14028 -0.1923548815804803 13027 -0.07259817250996815 1001 -0.0010586378018318055 8016 -0.2921283081077201 
	6000 -0.053999999999999986 
m40209 14028 -0.1923548815804803 13027 -0.07259817250996815 1001 -0.0010586378018318055 8016 -0.2921283081077201 
	6000 -0.053999999999999986 
m40210 14028 -0.1923548815804803 13027 -0.07259817250996815 1001 -0.0010586378018318055 8016 -0.2921283081077201 
	6000 -0.053999999999999986 
m40211 14028 -0.1923548815804803 13027 -0.07259817250996815 1001 -0.0010586378018318055 8016 -0.2921283081077201 
	6000 -0.053999999999999986 
m40212 14028 -0.1923548815804803 13027 -0.07259817250996815 1001 -0.0010586378018318055 8016 -0.2921283081077201 
	6000 -0.053999999999999986 
m40213 14028 -0.1923548815804803 13027 -0.07259817250996815 1001 -0.0010586378018318055 8016 -0.2921283081077201 
	6000 -0.053999999999999986 
m40214 14028 -0.1923548815804803 13027 -0.07259817250996815 1001 -0.0010586378018318055 8016 -0.2921283081077201 
	6000 -0.053999999999999986 
m40215 14028 -0.1923548815804803 13027 -0.07259817250996815 1001 -0.0010586378018318055 8016 -0.2921283081077201 
	6000 -0.053999999999999986 
m40216 14028 -0.1923548815804803 13027 -0.07259817250996815 1001 -0.0010586378018318055 8016 -0.2921283081077201 
	6000 -0.053999999999999986 
m40217 14028 -0.1923548815804803 13027 -0.07259817250996815 1001 -0.0010586378018318055 8016 -0.2921283081077201 
	6000 -0.053999999999999986 
m40218 14028 -0.1923548815804803 13027 -0.07259817250996815 1001 -0.0010586378018318055 8016 -0.2921283081077201 
	6000 -0.053999999999999986 
m40219 14028 -0.1923548815804803 13027 -0.07259817250996815 1001 -0.0010586378018318055 8016 -0.2921283081077201 
	6000 -0.053999999999999986 
m40220 14028 -0.1923548815804803 13027 -0.07259817250996815 1001 -0.0010586378018318055 8016 -0.2921283081077201 
	6000 -0.053999999999999986 
m40221 14028 -0.1923548815804803 13027 -0.07259817250996815 1001 -0.0010586378018318055 8016 -0.2921283081077201 
	6000 -0.053999999999999986 
m40222 14028 -0.1923548815804803 13027 -0.07259817250996815 1001 -0.0010586378018318055 8016 -0.2921283081077201 
	6000 -0.053999999999999986 
m40223 14028 -0.1923548815804803 13027 -0.07259817250996815 1001 -0.0010586378018318055 8016 -0.2921283081077201 
	6000 -0.053999999999999986 
m40224 14028 -0.1923548815804803 13027 -0.07259817250996815 1001 -0.0010586378018318055 8016 -0.2921283081077201 
	6000 -0.053999999999999986 
m40225 14028 -0.1923548815804803 13027 -0.07259817250996815 1001 -0.0010586378018318055 8016 -0.2921283081077201 
	6000 -0.053999999999999986 
m40226 14028 -0.1923548815804803 13027 -0.07259817250996815 1001 -0.0010586378018318055 8016 -0.2921283081077201 
	6000 -0.053999999999999986 
m40227 14028 -0.1923548815804803 13027 -0.07259817250996815 1001 -0.0010586378018318055 8016 -0.2921283081077201 
	6000 -0.053999999999999986 
m40228 14028 -0.1923548815804803 13027 -0.07259817250996815 1001 -0.0010586378018318055 8016 -0.2921283081077201 
	6000 -0.053999999999999986 
m40229 14028 -0.1923548815804803 13027 -0.07259817250996815 1001 -0.0010586378018318055 8016 -0.2921283081077201 
	6000 -0.053999999999999986 
m40230 14028 -0.1923548815804803 13027 -0.07259817250996815 1001 -0.0010586378018318055 8016 -0.2921283081077201 
	6000 -0.053999999999999986 
m40231 14028 -0.1923548815804803 13027 -0.07259817250996815 1001 -0.0010586378018318055 8016 -0.2921283081077201 
	6000 -0.053999999999999986 
m40232 14028 -0.1923548815804803 13027 -0.07259817250996815 1001 -0.0010586378018318055 8016 -0.2921283081077201 
	6000 -0.053999999999999986 
m40233 14028 -0.1923548815804803 13027 -0.07259817250996815 1001 -0.0010586378018318055 8016 -0.2921283081077201 
	6000 -0.053999999999999986 
m40234 14028 -0.1923548815804803 13027 -0.07259817250996815 1001 -0.0010586378018318055 8016 -0.2921283081077201 
	6000 -0.053999999999999986 
m40235 14028 -0.1923548815804803 13027 -0.07259817250996815 1001 -0.0010586378018318055 8016 -0.2921283081077201 
	6000 -0.053999999999999986 
m40236 14028 -0.1923548815804803 13027 -0.07259817250996815 1001 -0.0010586378018318055 8016 -0.2921283081077201 
	6000 -0.053999999999999986 
m40237 14028 -0.1923548815804803 13027 -0.07259817250996815 1001 -0.0010586378018318055 8016 -0.2921283081077201 
	6000 -0.053999999999999986 
m40238 14028 -0.1923548815804803 13027 -0.07259817250996815 1001 -0.0010586378018318055 8016 -0.2921283081077201 
	6000 -0.053999999999999986 
m40239 14028 -0.1923548815804803 13027 -0.07259817250996815 1001 -0.0010586378018318055 8016 -0.2921283081077201 
	6000 -0.053999999999999986 
m40240 14028 -0.1923548815804803 13027 -0.07259817250996815 1001 -0.0010586378018318055 8016 -0.2921283081077201 
	6000 -0.053999999999999986 
m40241 14028 -0.1923548815804803 13027 -0.07259817250996815 1001 -0.0010586378018318055 8016 -0.2921283081077201 
	6000 -0.053999999999999986 
m40242 14028 -0.1923548815804803 13027 -0.07259817250996815 1001 -0.0010586378018318055 8016 -0.2921283081077201 
	6000 -0.053999999999999986 
m40243 14028 -0.1923548815804803 13027 -0.07259817250996815 1001 -0.0010586378018318055 8016 -0.2921283081077201 
	6000 -0.053999999999999986 
m40244 14028 -0.1923548815804803 13027 -0.07259817250996815 1001 -0.0010586378018318055 8016 -0.2921283081077201 
	6000 -0.053999999999999986 
m40245 14028 -0.1923548815804803 13027 -0.07259817250996815 1001 -0.0010586378018318055 8016 -0.2921283081077201 
	6000 -0.053999999999999986 
m40246 14028 -0.1923548815804803 13027 -0.07259817250996815 1001 -0.0010586378018318055 8016 -0.2921283081077201 
	6000 -0.053999999999999986 
m40247 14028 -0.1923548815804803 13027 -0.07259817250996815 1001 -0.0010586378018318055 8016 -0.2921283081077201 
	6000 -0.053999999999999986 
m40248 14028 -0.1923548815804803 13027 -0.07259817250996815 1001 -0.0010586378018318055 8016 -0.2921283081077201 
	6000 -0.053999999999999986 
m40249 14028 -0.1923548815804803 13027 -0.07259817250996815 1001 -0.0010586378018318055 8016 -0.2921283081077201 
	6000 -0.053999999999999986 
m40250 14028 -0.1923548815804803 13027 -0.07259817250996815 1001 -0.0010586378018318055 8016 -0.2921283081077201 
	6000 -0.053999999999999986 
m40251 14028 -0.1923548815804803 13027 -0.07259817250996815 1001 -0.0010586378018318055 8016 -0.2921283081077201 
	6000 -0.053999999999999986 
m40252 14028 -0.1923548815804803 13027 -0.07259817250996815 1001 -0.0010586378018318055 8016 -0.2921283081077201 
	6000 -0.053999999999999986 
m40253 14028 -0.1923548815804803 13027 -0.07259817250996815 1001 -0.0010586378018318055 8016 -0.2921283081077201 
	6000 -0.053999999999999986 
m40254 14028 -0.1923548815804803 13027 -0.07259817250996815 1001 -0.0010586378018318055 8016 -0.2921283081077201 
	6000 -0.053999999999999986 
m40255 14028 -0.1923548815804803 13027 -0.07259817250996815 1001 -0.0010586378018318055 8016 -0.2921283081077201 
	6000 -0.053999999999999986 
m40256 14028 -0.1923548815804803 13027 -0.07259817250996815 1001 -0.0010586378018318055 8016 -0.2921283081077201 
	6000 -0.053999999999999986 
m40257 14028 -0.1923548815804803 13027 -0.07259817250996815 1001 -0.0010586378018318055 8016 -0.2921283081077201 
	6000 -0.053999999999999986 
m40258 14028 -0.1923548815804803 13027 -0.07259817250996815 1001 -0.0010586378018318055 8016 -0.2921283081077201 
	6000 -0.053999999999999986 
m40259 14028 -0.1923548815804803 13027 -0.07259817250996815 1001 -0.0010586378018318055 8016 -0.2921283081077201 
	6000 -0.053999999999999986 
m40260 14028 -0.1923548815804803 13027 -0.07259817250996815 1001 -0.0010586378018318055 8016 -0.2921283081077201 
	6000 -0.053999999999999986 
m40261 14028 -0.1923548815804803 13027 -0.07259817250996815 1001 -0.0010586378018318055 8016 -0.2921283081077201 
	6000 -0.053999999999999986 
m40262 14028 -0.1923548815804803 13027 -0.07259817250996815 1001 -0.0010586378018318055 8016 -0.2921283081077201 
	6000 -0.053999999999999986 
m40263 14028 -0.1923548815804803 13027 -0.07259817250996815 1001 -0.0010586378018318055 8016 -0.2921283081077201 
	6000 -0.053999999999999986 
m40264 14028 -0.1923548815804803 13027 -0.07259817250996815 1001 -0.0010586378018318055 8016 -0.2921283081077201 
	6000 -0.053999999999999986 
m40265 14028 -0.1923548815804803 13027 -0.07259817250996815 1001 -0.0010586378018318055 8016 -0.2921283081077201 
	6000 -0.053999999999999986 
m40266 14028 -0.1923548815804803 13027 -0.07259817250996815 1001 -0.0010586378018318055 8016 -0.2921283081077201 
	6000 -0.053999999999999986 
m40267 14028 -0.1923548815804803 13027 -0.07259817250996815 1001 -0.0010586378018318055 8016 -0.2921283081077201 
	6000 -0.053999999999999986 
m40268 14028 -0.1923548815804803 13027 -0.07259817250996815 1001 -0.0010586378018318055 8016 -0.2921283081077201 
	6000 -0.053999999999999986 
m40269 14028 -0.1923548815804803 13027 -0.07259817250996815 1001 -0.0010586378018318055 8016 -0.2921283081077201 
	6000 -0.053999999999999986 
m40270 14028 -0.1923548815804803 13027 -0.07259817250996815 1001 -0.0010586378018318055 8016 -0.2921283081077201 
	6000 -0.053999999999999986 
m40271 14028 -0.1923548815804803 13027 -0.07259817250996815 1001 -0.0010586378018318055 8016 -0.2921283081077201 
	6000 -0.053999999999999986 
m40272 14028 -0.1923548815804803 13027 -0.07259817250996815 1001 -0.0010586378018318055 8016 -0.2921283081077201 
	6000 -0.053999999999999986 
m40273 14028 -0.1923548815804803 13027 -0.07259817250996815 1001 -0.0010586378018318055 8016 -0.2921283081077201 
	6000 -0.053999999999999986 
m40274 14028 -0.1923548815804803 13027 -0.07259817250996815 1001 -0.0010586378018318055 8016 -0.2921283081077201 
	6000 -0.053999999999999986 
m40275 14028 -0.1923548815804803 13027 -0.07259817250996815 1001 -0.0010586378018318055 8016 -0.2921283081077201 
	6000 -0.053999999999999986 
m40276 14028 -0.1923548815804803 13027 -0.07259817250996815 1001 -0.0010586378018318055 8016 -0.2921283081077201 
	6000 -0.053999999999999986 
m40277 14028 -0.1923548815804803 13027 -0.07259817250996815 1001 -0.0010586378018318055 8016 -0.2921283081077201 
	6000 -0.053999999999999986 
m40278 14028 -0.1923548815804803 13027 -0.07259817250996815 1001 -0.0010586378018318055 8016 -0.2921283081077201 
	6000 -0.053999999999999986 
m40279 14028 -0.1923548815804803 13027 -0.07259817250996815 1001 -0.0010586378018318055 8016 -0.2921283081077201 
	6000 -0.053999999999999986 
m40280 14028 -0.1923548815804803 13027 -0.07259817250996815 1001 -0.0010586378018318055 8016 -0.2921283081077201 
	6000 -0.053999999999999986 
m40281 14028 -0.1923548815804803 13027 -0.07259817250996815 1001 -0.0010586378018318055 8016 -0.2921283081077201 
	6000 -0.053999999999999986 
m40282 14028 -0.1923548815804803 13027 -0.07259817250996815 1001 -0.0010586378018318055 8016 -0.2921283081077201 
	6000 -0.053999999999999986 
m40283 14028 -0.1923548815804803 13027 -0.07259817250996815 1001 -0.0010586378018318055 8016 -0.2921283081077201 
	6000 -0.053999999999999986 
m40284 14028 -0.1923548815804803 13027 -0.07259817250996815 1001 -0.0010586378018318055 8016 -0.2921283081077201 
	6000 -0.053999999999999986 
m40285 14028 -0.1923548815804803 13027 -0.07259817250996815 1001 -0.0010586378018318055 8016 -0.2921283081077201 
	6000 -0.053999999999999986 
m40286 14028 -0.1923548815804803 13027 -0.07259817250996815 1001 -0.0010586378018318055 8016 -0.2921283081077201 
	6000 -0.053999999999999986 
m40287 14028 -0.1923548815804803 13027 -0.07259817250996815 1001 -0.0010586378018318055 8016 -0.2921283081077201 
	6000 -0.053999999999999986 
m40288 14028 -0.1923548815804803 13027 -0.07259817250996815 1001 -0.0010586378018318055 8016 -0.2921283081077201 
	6000 -0.053999999999999986 
m40289 14028 -0.1923548815804803 13027 -0.07259817250996815 1001 -0.0010586378018318055 8016 -0.2921283081077201 
	6000 -0.053999999999999986 
m40290 14028 -0.1923548815804803 13027 -0.07259817250996815 1001 -0.0010586378018318055 8016 -0.2921283081077201 
	6000 -0.053999999999999986 
m40291 14028 -0.1923548815804803 13027 -0.07259817250996815 1001 -0.0010586378018318055 8016 -0.2921283081077201 
	6000 -0.053999999999999986 
m40292 14028 -0.1923548815804803 13027 -0.07259817250996815 1001 -0.0010586378018318055 8016 -0.2921283081077201 
	6000 -0.053999999999999986 
m40293 14028 -0.1923548815804803 13027 -0.07259817250996815 1001 -0.0010586378018318055 8016 -0.2921283081077201 
	6000 -0.053999999999999986 
m40294 14028 -0.1923548815804803 13027 -0.07259817250996815 1001 -0.0010586378018318055 8016 -0.2921283081077201 
	6000 -0.053999999999999986 
m40295 14028 -0.1923548815804803 13027 -0.07259817250996815 1001 -0.0010586378018318055 8016 -0.2921283081077201 
	6000 -0.053999999999999986 
m40296 14028 -0.1923548815804803 13027 -0.07259817250996815 1001 -0.0010586378018318055 8016 -0.2921283081077201 
	6000 -0.053999999999999986 
m40297 14028 -0.1923548815804803 13027 -0.07259817250996815 1001 -0.0010586378018318055 8016 -0.2921283081077201 
	6000 -0.053999999999999986 
m40298 14028 -0.1923548815804803 13027 -0.07259817250996815 1001 -0.0010586378018318055 8016 -0.2921283081077201 
	6000 -0.053999999999999986 
m40299 14028 -0.1923548815804803 13027 -0.07259817250996815 1001 -0.0010586378018318055 8016 -0.2921283081077201 
	6000 -0.053999999999999986 
m40300 14028 -0.1923548815804803 13027 -0.07259817250996815 1001 -0.0010586378018318055 8016 -0.2921283081077201 
	6000 -0.053999999999999986 
m40301 14028 -0.1923548815804803 13027 -0.07259817250996815 1001 -0.0010586378018318055 8016 -0.2921283081077201 
	6000 -0.053999999999999986 
m40302 14028 -0.1923548815804803 13027 -0.07259817250996815 1001 -0.0010586378018318055 8016 -0.2921283081077201 
	6000 -0.053999999999999986 
m40303 14028 -0.1923548815804803 13027 -0.07259817250996815 1001 -0.0010586378018318055 8016 -0.2921283081077201 
	6000 -0.053999999999999986 
m40304 14028 -0.1923548815804803 13027 -0.07259817250996815 1001 -0.0010586378018318055 8016 -0.2921283081077201 
	6000 -0.053999999999999986 
m40305 14028 -0.1923548815804803 13027 -0.07259817250996815 1001 -0.0010586378018318055 8016 -0.2921283081077201 
	6000 -0.053999999999999986 
m40306 14028 -0.1923548815804803 13027 -0.07259817250996815 1001 -0.0010586378018318055 8016 -0.2921283081077201 
	6000 -0.053999999999999986 
m40307 14028 -0.1923548815804803 13027 -0.07259817250996815 1001 -0.0010586378018318055 8016 -0.2921283081077201 
	6000 -0.053999999999999986 
m40308 14028 -0.1923548815804803 13027 -0.07259817250996815 1001 -0.0010586378018318055 8016 -0.2921283081077201 
	6000 -0.053999999999999986 
m40309 14028 -0.1923548815804803 13027 -0.07259817250996815 1001 -0.0010586378018318055 8016 -0.2921283081077201 
	6000 -0.053999999999999986 
m40310 14028 -0.1923548815804803 13027 -0.07259817250996815 1001 -0.0010586378018318055 8016 -0.2921283081077201 
	6000 -0.053999999999999986 
m40311 14028 -0.1923548815804803 13027 -0.07259817250996815 1001 -0.0010586378018318055 8016 -0.2921283081077201 
	6000 -0.053999999999999986 
m40312 14028 -0.1923548815804803 13027 -0.07259817250996815 1001 -0.0010586378018318055 8016 -0.2921283081077201 
	6000 -0.053999999999999986 
m40313 14028 -0.1923548815804803 13027 -0.07259817250996815 1001 -0.0010586378018318055 8016 -0.2921283081077201 
	6000 -0.053999999999999986 
m40314 14028 -0.1923548815804803 13027 -0.07259817250996815 1001 -0.0010586378018318055 8016 -0.2921283081077201 
	6000 -0.053999999999999986 
m40315 14028 -0.1923548815804803 13027 -0.07259817250996815 1001 -0.0010586378018318055 8016 -0.2921283081077201 
	6000 -0.053999999999999986 
m40316 14028 -0.1923548815804803 13027 -0.07259817250996815 1001 -0.0010586378018318055 8016 -0.2921283081077201 
	6000 -0.053999999999999986 
m40317 14028 -0.1923548815804803 13027 -0.07259817250996815 1001 -0.0010586378018318055 8016 -0.2921283081077201 
	6000 -0.053999999999999986 
m40318 14028 -0.1923548815804803 13027 -0.07259817250996815 1001 -0.0010586378018318055 8016 -0.2921283081077201 
	6000 -0.053999999999999986 
m40319 14028 -0.1923548815804803 13027 -0.07259817250996815 1001 -0.0010586378018318055 8016 -0.2921283081077201 
	6000 -0.053999999999999986 
m40320 14028 -0.1923548815804803 13027 -0.07259817250996815 1001 -0.0010586378018318055 8016 -0.2921283081077201 
	6000 -0.053999999999999986 
m40321 14028 -0.1923548815804803 13027 -0.07259817250996815 1001 -0.0010586378018318055 8016 -0.2921283081077201 
	6000 -0.053999999999999986 
m40322 14028 -0.1923548815804803 13027 -0.07259817250996815 1001 -0.0010586378018318055 8016 -0.2921283081077201 
	6000 -0.053999999999999986 
m40323 14028 -0.1923548815804803 13027 -0.07259817250996815 1001 -0.0010586378018318055 8016 -0.2921283081077201 
	6000 -0.053999999999999986 
m40324 14028 -0.1923548815804803 13027 -0.07259817250996815 1001 -0.0010586378018318055 8016 -0.2921283081077201 
	6000 -0.053999999999999986 
m40325 14028 -0.1923548815804803 13027 -0.07259817250996815 1001 -0.0010586378018318055 8016 -0.2921283081077201 
	6000 -0.053999999999999986 
m40326 14028 -0.1923548815804803 13027 -0.07259817250996815 1001 -0.0010586378018318055 8016 -0.2921283081077201 
	6000 -0.053999999999999986 
m40327 14028 -0.1923548815804803 13027 -0.07259817250996815 1001 -0.0010586378018318055 8016 -0.2921283081077201 
	6000 -0.053999999999999986 
m40328 14028 -0.1923548815804803 13027 -0.07259817250996815 1001 -0.0010586378018318055 8016 -0.2921283081077201 
	6000 -0.053999999999999986 
m40329 14028 -0.1923548815804803 13027 -0.07259817250996815 1001 -0.0010586378018318055 8016 -0.2921283081077201 
	6000 -0.053999999999999986 
m40330 14028 -0.1923548815804803 13027 -0.07259817250996815 1001 -0.0010586378018318055 8016 -0.2921283081077201 
	6000 -0.053999999999999986 
m40331 14028 -0.1923548815804803 13027 -0.07259817250996815 1001 -0.0010586378018318055 8016 -0.2921283081077201 
	6000 -0.053999999999999986 
m40332 14028 -0.1923548815804803 13027 -0.07259817250996815 1001 -0.0010586378018318055 8016 -0.2921283081077201 
	6000 -0.053999999999999986 
m40333 14028 -0.1923548815804803 13027 -0.07259817250996815 1001 -0.0010586378018318055 8016 -0.2921283081077201 
	6000 -0.053999999999999986 
m40334 14028 -0.1923548815804803 13027 -0.07259817250996815 1001 -0.0010586378018318055 8016 -0.2921283081077201 
	6000 -0.053999999999999986 
m40335 14028 -0.1923548815804803 13027 -0.07259817250996815 1001 -0.0010586378018318055 8016 -0.2921283081077201 
	6000 -0.053999999999999986 
m40336 14028 -0.1923548815804803 13027 -0.07259817250996815 1001 -0.0010586378018318055 8016 -0.2921283081077201 
	6000 -0.053999999999999986 
m40337 14028 -0.1923548815804803 13027 -0.07259817250996815 1001 -0.0010586378018318055 8016 -0.2921283081077201 
	6000 -0.053999999999999986 
m40338 14028 -0.1923548815804803 13027 -0.07259817250996815 1001 -0.0010586378018318055 8016 -0.2921283081077201 
	6000 -0.053999999999999986 
m40339 14028 -0.1923548815804803 13027 -0.07259817250996815 1001 -0.0010586378018318055 8016 -0.2921283081077201 
	6000 -0.053999999999999986 
m40340 14028 -0.1923548815804803 13027 -0.07259817250996815 1001 -0.0010586378018318055 8016 -0.2921283081077201 
	6000 -0.053999999999999986 
m40341 14028 -0.1923548815804803 13027 -0.07259817250996815 1001 -0.0010586378018318055 8016 -0.2921283081077201 
	6000 -0.053999999999999986 
m40342 14028 -0.1923548815804803 13027 -0.07259817250996815 1001 -0.0010586378018318055 8016 -0.2921283081077201 
	6000 -0.053999999999999986 
c **********************************
c PE+Pb, dens=4.78 g/cm3
m2      6000    -0.04286 $Carbon
        1001    -0.00714 $Hydrogen
        82000   -0.95000 $Lead
c **********************************
m3    1001 -0.048535 $Boric acid
      5010 -0.034981
      5011 -0.139923
      8016 -0.776561
c **********************************
m4    82000 1 $Lead
c **********************************
m5 26000 1 $Iron
c **********************************
m6     13027   -1.000 $ Aluminum
c **********************************
c  SS-304 (8.00 g/cm3), #298 in PNNL Compendium
m7   006000.50c -0.0004000
     014000.60c -0.0050000
     015031.50c -0.0002300
     016000.60c -0.0001500
     024000.50c -0.1899981
     025055.60c -0.0099999
     026000.50c -0.7017229
     028000.50c -0.0924991
c ****************************************
c       LaBr detector
c ****************************************
m8       35079    -0.2946       $ Br79
         35081    -0.3069       $ Br81
         57139    -0.3485       $ La139
         58140    -0.0500       $ Ce140
c ************ air den=1.15e-3g/cc
m12     8016 -0.23
        7014 -0.77
c ************ Rubber Natural den=0.92 g/cc
m13     1001 -0.118371  $weight fraction
        6000 -0.881629
c
c end material cards
c
rand seed=8674536546524321 $different initial random #; seed# - any less 18 digits
c
c ********** begin tallies *********************
F808:p,n 101 
F818:p,n 101 
*F828:p,n 101 
F834:p,n 101 
F836:p,n 101 
E808 0 1e-5 932i 8.4295 
E818 0 1e-5 932i 8.4295 
E828 0 1e-5 932i 8.4295 
E834 0 1e-5 932i 8.4295 
E836 0 1e-5 932i 8.4295 
FU836 900000000 900100000 900200000 900300000 900400000 900500000 900600000 900700000 900800000 900900000 901000000 
	901200000 901300000 901400000 901500000 901600000 901700000 901800000 901900000 902000000 902100000 902200000 902300000 
	902500000 902600000 902700000 902800000 902900000 903000000 903100000 903200000 903300000 903400000 903500000 903600000 
	903800000 903900000 904000000 904100000 904200000 904300000 904400000 904500000 904600000 904700000 904800000 904900000 
	905100000 905200000 905300000 905400000 905500000 905600000 905700000 905800000 905900000 906000000 906100000 906200000 
	906400000 906500000 906600000 906700000 906800000 906900000 907000000 907100000 907200000 907300000 907400000 907500000 
	907700000 907800000 907900000 908000000 908100000 908200000 908300000 908400000 908500000 908600000 908700000 908800000 
	909000000 909100000 909200000 909300000 909400000 909500000 909600000 909700000 909800000 909900000 910000000 910100000 
	910300000 910400000 910500000 910600000 910700000 910800000 910900000 911000000 911100000 911200000 911300000 911400000 
	911600000 911700000 911800000 911900000 912000000 912100000 912200000 912300000 912400000 912500000 912600000 912700000 
	912900000 913000000 913100000 913200000 913300000 913400000 913500000 913600000 913700000 913800000 913900000 914000000 
	914200000 914300000 914400000 914500000 914600000 914700000 914800000 914900000 915000000 915100000 915200000 915300000 
	915500000 915600000 915700000 915800000 915900000 916000000 916100000 916200000 916300000 916400000 916500000 916600000 
	916800000 916900000 917000000 917100000 917200000 917300000 917400000 917500000 917600000 917700000 917800000 917900000 
	918100000 918200000 918300000 918400000 918500000 918600000 918700000 918800000 918900000 919000000 919100000 919200000 
	919400000 919500000 919600000 919700000 919800000 919900000 920000000 920100000 920200000 920300000 920400000 920500000 
	920700000 920800000 920900000 921000000 921100000 921200000 921300000 921400000 921500000 921600000 921700000 921800000 
	922000000 922100000 922200000 922300000 922400000 922500000 922600000 922700000 922800000 922900000 923000000 923100000 
	923300000 923400000 923500000 923600000 923700000 923800000 923900000 924000000 924100000 924200000 924300000 924400000 
	924600000 924700000 924800000 924900000 925000000 925100000 925200000 925300000 925400000 925500000 925600000 925700000 
	925900000 926000000 926100000 926200000 926300000 926400000 926500000 926600000 926700000 926800000 926900000 927000000 
	927200000 927300000 927400000 927500000 927600000 927700000 927800000 927900000 928000000 928100000 928200000 928300000 
	928500000 928600000 928700000 928800000 928900000 929000000 929100000 929200000 929300000 929400000 929500000 929600000 
	929800000 929900000 930000000 930100000 930200000 930300000 930400000 930500000 930600000 930700000 930800000 930900000 
	931100000 931200000 931300000 931400000 931500000 931600000 931700000 931800000 931900000 932000000 932100000 932200000 
	932400000 932500000 932600000 932700000 932800000 932900000 933000000 933100000 933200000 933300000 933400000 933500000 
	933700000 933800000 933900000 934000000 934100000 934200000 10000000000 
F844:p,n 9000 9001 9002 9003 9004 9005 9006 9007 9008 9009 9010 9011 9012 9013 9014 9015 9016 9017 9018 9019 9020 9021 
	9023 9024 9025 9026 9027 9028 9029 9030 9031 9032 9033 9034 9035 9036 9037 9038 9039 9040 9041 9042 9043 9044 9045 9046 
	9048 9049 9050 9051 9052 9053 9054 9055 9056 9057 9058 9059 9060 9061 9062 9063 9064 9065 9066 9067 9068 9069 9070 9071 
	9073 9074 9075 9076 9077 9078 9079 9080 9081 9082 9083 9084 9085 9086 9087 9088 9089 9090 9091 9092 9093 9094 9095 9096 
	9098 9099 9100 9101 9102 9103 9104 9105 9106 9107 9108 9109 9110 9111 9112 9113 9114 9115 9116 9117 9118 9119 9120 9121 
	9123 9124 9125 9126 9127 9128 9129 9130 9131 9132 9133 9134 9135 9136 9137 9138 9139 9140 9141 9142 9143 9144 9145 9146 
	9148 9149 9150 9151 9152 9153 9154 9155 9156 9157 9158 9159 9160 9161 9162 9163 9164 9165 9166 9167 9168 9169 9170 9171 
	9173 9174 9175 9176 9177 9178 9179 9180 9181 9182 9183 9184 9185 9186 9187 9188 9189 9190 9191 9192 9193 9194 9195 9196 
	9198 9199 9200 9201 9202 9203 9204 9205 9206 9207 9208 9209 9210 9211 9212 9213 9214 9215 9216 9217 9218 9219 9220 9221 
	9223 9224 9225 9226 9227 9228 9229 9230 9231 9232 9233 9234 9235 9236 9237 9238 9239 9240 9241 9242 9243 9244 9245 9246 
	9248 9249 9250 9251 9252 9253 9254 9255 9256 9257 9258 9259 9260 9261 9262 9263 9264 9265 9266 9267 9268 9269 9270 9271 
	9273 9274 9275 9276 9277 9278 9279 9280 9281 9282 9283 9284 9285 9286 9287 9288 9289 9290 9291 9292 9293 9294 9295 9296 
	9298 9299 9300 9301 9302 9303 9304 9305 9306 9307 9308 9309 9310 9311 9312 9313 9314 9315 9316 9317 9318 9319 9320 9321 
	9323 9324 9325 9326 9327 9328 9329 9330 9331 9332 9333 9334 9335 9336 9337 9338 9339 9340 9341 9342 
F846:p,n 9000 9001 9002 9003 9004 9005 9006 9007 9008 9009 9010 9011 9012 9013 9014 9015 9016 9017 9018 9019 9020 9021 
	9023 9024 9025 9026 9027 9028 9029 9030 9031 9032 9033 9034 9035 9036 9037 9038 9039 9040 9041 9042 9043 9044 9045 9046 
	9048 9049 9050 9051 9052 9053 9054 9055 9056 9057 9058 9059 9060 9061 9062 9063 9064 9065 9066 9067 9068 9069 9070 9071 
	9073 9074 9075 9076 9077 9078 9079 9080 9081 9082 9083 9084 9085 9086 9087 9088 9089 9090 9091 9092 9093 9094 9095 9096 
	9098 9099 9100 9101 9102 9103 9104 9105 9106 9107 9108 9109 9110 9111 9112 9113 9114 9115 9116 9117 9118 9119 9120 9121 
	9123 9124 9125 9126 9127 9128 9129 9130 9131 9132 9133 9134 9135 9136 9137 9138 9139 9140 9141 9142 9143 9144 9145 9146 
	9148 9149 9150 9151 9152 9153 9154 9155 9156 9157 9158 9159 9160 9161 9162 9163 9164 9165 9166 9167 9168 9169 9170 9171 
	9173 9174 9175 9176 9177 9178 9179 9180 9181 9182 9183 9184 9185 9186 9187 9188 9189 9190 9191 9192 9193 9194 9195 9196 
	9198 9199 9200 9201 9202 9203 9204 9205 9206 9207 9208 9209 9210 9211 9212 9213 9214 9215 9216 9217 9218 9219 9220 9221 
	9223 9224 9225 9226 9227 9228 9229 9230 9231 9232 9233 9234 9235 9236 9237 9238 9239 9240 9241 9242 9243 9244 9245 9246 
	9248 9249 9250 9251 9252 9253 9254 9255 9256 9257 9258 9259 9260 9261 9262 9263 9264 9265 9266 9267 9268 9269 9270 9271 
	9273 9274 9275 9276 9277 9278 9279 9280 9281 9282 9283 9284 9285 9286 9287 9288 9289 9290 9291 9292 9293 9294 9295 9296 
	9298 9299 9300 9301 9302 9303 9304 9305 9306 9307 9308 9309 9310 9311 9312 9313 9314 9315 9316 9317 9318 9319 9320 9321 
	9323 9324 9325 9326 9327 9328 9329 9330 9331 9332 9333 9334 9335 9336 9337 9338 9339 9340 9341 9342 
FT818 GEB -0.026198 0.059551 -0.037176
FT836 TAG 3
E0 0 1e-5 932i 8.4295 7i 15
c ***********************************
c mplot tal 78 freq 10000
nps 1e9